at_Q80_time_2	at_Q80_time_6	at_Q80_time_10	at_Q92_time_2	at_Q92_time_6	at_Q92_time_10	at_Q111_time_2	at_Q111_time_6	at_Q111_time_10	at_Q140_time_2	at_Q140_time_6	at_Q140_time_10	at_Q175_time_2	at_Q175_time_6	at_Q175_time_10
Mir206	-0.0146855	0.230571235	0.01112206	0.0669849316	0.2217306	0.021000532	0.02170193	0.2664159944	0.05267254	0.03543751	0.25928593	0.02526603	0.001752518	0.7453559	0.0983184
Mir30a	-0.00233513	-0.6755625007	0.03158032	0.0783397986	-0.560031	0.0270556511	-0.01323753	-0.6532058175	0.008401441	0.02479084	-0.690169451	0.1128536	0.01732206	-0.700214	-0.0761584
Mir30c-2	-0.09335186	-0.010924071	0.007351722	0.1804192298	0.02676348	0.0420021695	-0.02153655	0.0033535475	0.01051626	0.0006029237	-0.02122577	0.06664379	0.0287885	-0.02155232	0.04171955
Mir1928	0.002377739	-1.6867134741	0.00813257	-0.0396605478	-1.338265	-0.0127171195	-0.06933117	-1.3227295145	0.2039486	-0.004661303	-2.054921294	-0.1265136	-0.02549461	-1.194318	-0.2188623
Mir26b	-0.04417384	-0.3247818493	-0.01476398	0.0258845521	-0.3219598	0.0446507924	-0.04839818	-0.2766136818	-0.0227307	0.009815674	-0.297296363	0.1157431	-0.004810675	-0.3023017	0.08980032
Gm25035	0.02940612	-1.4584324498	-0.01324713	-0.0658821541	-0.9054994	-0.0094453721	-0.01842237	-0.1872639626	-0.05275322	-0.07607786	-0.36364314	-0.05622778	-0.03537512	-0.4905688	-0.1340095
Mir375	-0.1424163	-0.3512649573	0.006592489	-0.3145017957	-0.3095728	-0.1575890879	-0.2245153	-0.1937298797	0.04286083	-0.1530302	-0.334435152	0.1815144	-0.1676834	-0.3604265	-0.3490963
Mir149	-0.04686351	0.2132943931	-0.03809994	0.0090119439	0.2314242	-0.0540660273	0.01518691	0.1664591268	0.05818927	-0.03457558	0.226303903	-0.1031319	-0.04694884	0.2617304	0.06425372
ENSMUST00000117011	0.0003737268	0.1998088437	0.00143421	0.1430002463	0.0280626	-0.000489683	0.01803921	0.0537785909	0.02110935	0.06656028	-0.004029783	0.0002995834	0.01049669	-0.02661725	0.002824647
Mir128-1	-0.0256848	-0.0317521704	-0.001216871	0.0021192627	-0.04139319	0.0699755284	-0.1666502	0.1075967453	-0.01793441	-0.06351344	-0.056296903	-0.09352586	-0.09089641	-0.1527468	-0.1623289
ENSMUST00000174959	0.01690189	-1.3205576339	0.03039528	0.0581546333	-0.7898179	0.0879841258	-0.01084226	-0.8054876095	0.2641849	0.08320419	-1.775655115	-0.05552481	0.01638809	-0.7112665	-0.07015474
Mir135b	0.05774715	-0.1099910467	-0.04562111	0.043584895	-0.1139039	-0.0283955337	-0.01554283	-0.0549866405	-0.1771079	0.03497118	-0.24724125	-0.2403929	0.01650081	-0.3400253	-0.5502332
Mir181a-1	0.01368068	-0.6146690412	0.03479479	0.0614264981	-0.5818684	0.0175322532	0.0003610873	-0.4744515434	0.04386254	0.0517249	-0.605545851	0.1507086	-0.00854035	-0.3555138	0.2297938
Mir181b-1	-0.01722749	0.2158621077	0.01716606	-0.0974449245	0.2755451	-0.0048740385	0.02990958	0.2727765343	0.05164022	0.03316504	0.272808216	0.1317955	-0.02436464	0.2235598	0.07778956
Mir488	-0.04126772	-0.879870025	-0.009609938	0.0825628871	-0.8329497	0.0181180304	0.02085421	-0.8138942835	0.02319106	0.0149761	-0.821027819	0.08282212	0.05254674	-0.7814211	0.05235799
Mir199a-2	-0.02352629	-0.5438366363	0.008593462	0.1659605762	-0.1020198	-0.0029154257	-0.07543637	-0.8290782961	0.0192371	0.06996442	-1.02863198	0.01579674	0.05323496	-0.3976883	0.1165907
Mir350	0.03891358	0.079466347	0.02184385	0.0129292203	0.07020764	0.0654952053	-0.02868275	0.1538467734	0.1033149	-0.005404916	0.147659006	0.1317559	-0.02234776	0.2657913	0.07335628
Mir1981	0.04843618	-0.0072163597	0.06227493	-0.0154589536	-0.009039308	-0.0018939439	-0.01291991	0.0593537015	0.0841751	0.05821888	-0.00205367	-0.03908664	0.03552968	0.009917554	-0.09402511
Mir194-1	-0.0810707	-0.777993155	0.05582228	-0.0580506458	-0.7000654	0.0297870554	-0.0007519048	-0.8839895943	-0.1430286	-0.07560312	-0.808395116	0.1114035	0.06486703	-0.8486128	-0.1149441
Mir215	-0.06061432	-0.2722805912	0.05215962	0.0548025014	-0.3322112	-0.0190103742	-0.1327859	-0.192673174	0.04571485	0.071488	-0.303571879	0.123828	0.02011554	-0.4800956	-0.05701924
Mir205	-0.1529647	0.0329264856	0.002254313	0.0172748357	-0.1044061	0.1377776232	-0.02743531	0.0671007296	-0.003634367	0.0597866	-0.06084385	0.06325361	-0.03080004	-0.1049411	-0.2608869
Mir29b-2	0.0683259	-0.1218517314	-0.03283704	0.0092681285	-0.08006031	0.0213010939	0.05715104	-0.0671743906	-0.09437634	-0.01870808	-0.142284642	-0.04614753	0.05542454	-0.01121807	0.03219183
ENSMUST00000175619	0.02471441	-1.2781125244	0.03629831	0.0161884999	-0.7794953	0.150157998	-0.03384766	-0.8214516238	0.1557887	-0.0109241	-1.896226925	0.02202096	0.01049598	-0.6410505	0.05964224
Gm22370	0.02496698	-0.5393361265	-0.03196464	0.1452576544	-0.4711665	-0.0024236265	-0.003576737	-0.5250449944	-0.05801696	0.04661885	-0.548861667	-0.07978783	-0.08697059	-0.77349	-0.1191698
Gm24271	-0.01233099	-0.4294739518	0.03919012	-0.0421852694	0.03212787	0.0577135037	-0.03664679	-0.2609873684	0.07849799	-0.03093699	-0.538391863	0.03928968	-0.08645376	-0.1561142	0.0811604
Gm23766	-0.02372625	-1.4659553364	-0.05612048	0.1002850237	-1.231678	0.0861532721	-0.07461621	-1.2960510268	0.06916238	-0.02182996	-1.559215299	-0.09448904	-0.01246636	-1.151707	-0.1020332
Mir3057	0.1173328	0.1819596807	0.02598441	0.0559484395	0.2461246	-0.1701635194	0.1266802	0.262726356	0.06459783	0.09906177	0.303953118	0.02854039	0.03843916	0.1517396	-0.028332
Mir135a-2	0.008997908	0.1152783349	-0.008047588	0.1230176165	0.01089835	0.000114675	0.09403415	0.1046251337	0.1720551	-0.1158168	-0.002667208	-0.05126476	0.00893078	0.1179359	-0.1257645
Mir1251	-0.06693852	0.3061046705	-0.01114823	-0.362124451	0.2689492	-0.0943310736	0.1591034	0.2777960078	-0.04130364	-0.1423758	0.232116834	-0.07898045	-0.04262695	0.4320593	-0.1199132
Mir3059	-0.1752598	-0.222229131	0.02646876	-0.0045680703	-0.2093479	0.0500970395	-0.08241955	-0.1618176613	0.07433711	-0.02472852	-0.102422308	0.1000653	0.03197456	-0.00668419	0.2146234
Gm25190	0.07521347	-0.3576106137	-0.01741258	0.1194696819	-0.8970904	-0.012058915	-0.0504005	-0.6655776006	0.004050267	0.05139109	-0.809639272	-0.004719904	0.06662211	-0.4870267	0.05108261
Gm23632	0.04236906	-0.7607088101	-0.02091637	0.1120650455	-0.3414136	-0.1027642535	0.03555575	0.0042393275	-0.005368095	0.007203577	-0.878982248	-0.08347292	-0.007089401	-0.01403476	0.07302777
Mirlet7i	0.1370151	0.1913256806	0.0108311	0.0215097813	0.2653052	-0.0522756044	0.07634449	0.2294678947	-0.0353716	0.009509719	0.189708717	-0.0369363	0.02838363	0.05773941	-0.1694051
Mir26a-2	-0.05494733	-0.1402632802	0.01711257	-0.0135521151	-0.06488741	0.0371069446	-0.008865229	-0.1585126738	-0.01890712	-0.007688705	-0.094075168	0.05208898	0.006609305	-0.183111	0.03599604
Mir1933	-0.03958791	-0.2191484277	0.01270923	-0.0004941668	-0.7337924	0.0251729789	-0.1155872	-0.3076283631	-0.02861204	-0.1600184	-0.186072485	-0.005440559	-0.08538205	-0.01983904	0.04824688
Mir216b	-0.137789	-0.0405108462	0.01690755	-0.098772779	-0.08013561	0.0667028978	-0.04516449	-0.571129685	0.09921793	-0.02872626	-0.177476223	0.07716568	0.02670263	-0.1339188	-0.04943443
Mir217	-0.1420044	0.2138071555	-0.002893751	-0.468629269	-0.1258091	0.0624802052	-0.04342122	-0.6051677103	0.08977904	-0.2241802	0.295615179	0.05512681	-0.1801859	0.02072702	0.1802065
Mir218-2	0.01927182	-0.07102921	-0.02175741	-0.0196672347	-0.1023704	0.0039600694	-0.01120333	-0.0621261585	-0.1239791	-0.007086086	-0.099770546	-0.01412373	0.119124	-0.1148175	-0.1263788
ENSMUST00000175251	-0.0142832	-0.3374110627	-0.01106639	0.0797037872	-0.2324966	0.0121162626	0.03787304	-0.4561595324	0.1199591	0.003369826	-0.862563864	-0.01810099	0.01323711	-0.1649761	-0.06568142
Mir103-1	0.1328852	0.0082657416	0.06298196	-0.0094109206	-0.00321127	-0.1145070341	0.1452717	0.033021245	0.07175993	-0.06184628	0.062943943	0.07646719	-0.05354132	0.09313881	0.1643421
Mir146	-0.003965692	0.3890814916	-0.01938657	0.0846445314	0.4175492	-0.0353875426	0.09070488	0.3849399878	0.00954535	0.04347689	0.410113358	0.09559328	0.02922119	0.3406085	0.0350531
Mir340	-0.01951648	-0.5442868924	-0.01423744	0.0752518504	-0.4253676	-0.025419258	-0.04588006	-0.4769281293	-0.001028112	-0.01127717	-0.569701958	0.07554761	0.01315409	-0.5273514	0.03373189
Mir3061	-0.01139117	-0.03333037	0.04135249	-0.0204441335	-0.05827186	0.0277227441	-0.1202678	0.0231044096	-0.05329227	0.05387316	-0.103774342	0.1228258	-0.03122327	0.05296274	0.1936082
Gm24756	-0.008943136	-1.015445346	-0.003653333	0.025967257	-0.4628145	0.0079855869	-0.03406916	-0.640005931	0.02787778	0.007607805	-1.374407359	0.003298884	-0.0161861	-0.236674	-0.04139522
Mir5100	-0.02414654	-1.4760194897	-0.04200254	-0.0749312356	-1.180371	0.0143172182	-0.05700612	-0.9762264561	-0.06555191	-0.07906971	-1.181880111	-0.1071681	-0.008909037	-0.9354467	-0.148356
Mir744	-0.00963787	0.506531605	0.001983879	-0.077965198	0.5739016	-0.081671146	-0.01240354	0.5715545532	0.04115849	0.003776636	0.530940894	0.0001871805	-0.008052751	0.5441558	0.03740417
Mir324	0.09804278	0.0735306168	0.04184385	-0.0056438334	0.004229123	-0.0484844259	0.1026282	0.1219463522	0.02116217	0.02801981	0.012857257	0.03257004	0.003729646	0.03844153	0.0228482
Mir497b	-0.03183131	0.0790948873	0.04059412	-0.1133303667	0.06651462	0.0115698382	0.0002824127	0.1221545835	-0.05734673	-0.008276009	0.172524475	0.2448826	0.02184012	0.2379076	0.339192
Mir195a	0.1117124	0.0848883391	0.01232035	-0.0756820259	0.297559	0.0647742991	0.06371473	0.1574482336	-0.03339418	0.05533657	0.155558776	0.1014954	0.07114033	0.2793322	0.3178501
Mir212	0.04907788	-0.0045992253	-0.02610706	-0.050501026	0.09915406	-0.0442670448	-0.00281072	-0.0144140759	-0.09979844	0.02020411	-0.146227496	-0.1931594	-0.001473463	-0.2048363	-0.3429354
Mir132	0.1612705	0.08384493	0.02248427	-0.0109507017	0.08445567	-0.0543065476	0.1079589	0.1069948264	-0.08128734	0.01273528	-0.003934627	-0.1225897	-0.04116045	-0.212446	-0.3681171
Mir22	0.0197825	0.2976460273	0.008429965	0.0206860455	0.3384105	-0.0605759956	0.05855467	0.3071030726	0.02030119	0.05719697	0.297030202	-0.01512854	0.0666967	0.2597137	-0.02279367
Mir423	-0.08922298	0.4388442149	-0.01328917	0.0073672027	0.4388853	-0.0699800846	-0.02274195	0.4937438114	0.1780013	-0.001893894	0.454640946	-0.004034025	-0.009638948	0.4140682	-0.001392799
Mir144	-0.1290894	-0.2058681988	0.02794047	-0.1289861627	-0.1161201	0.0192730968	-0.04490975	-0.1920993469	-0.005055286	0.05033971	-0.339823789	0.04697436	0.01443976	-0.3236103	-0.0940434
Mir451a	-0.02470675	-0.1157319829	0.01252241	0.1195000825	-0.08607228	-0.0071594361	-0.004806802	-0.1429474292	0.04383908	0.08802266	-0.179988858	0.08664045	0.03827241	-0.2040083	-0.01294253
Mir193a	-0.006167449	-0.0610961545	-0.03653437	-0.2444078987	0.0229719	0.015044055	0.001167379	-0.1170168245	-0.02213183	-0.08241093	-0.016888938	-0.03855302	-0.08670949	-0.1701125	-0.02930511
ENSMUST00000158170	-0.008669422	-0.4592500861	-0.002479082	0.0834006416	-0.1267834	-0.012719034	-0.03216774	-0.6089828905	0.001025528	0.05851759	-1.061342627	-0.01443017	0.01646619	-0.6214384	-0.007367529
Mir21a	0.03505262	-0.364221034	0.02216451	0.0227414497	-0.35597	0.0124639256	0.07339266	-0.4282925661	-0.1268774	0.05528841	-0.486351103	0.04908445	0.05602105	-0.5139113	-0.08786417
Mir301	0.03980726	-0.3676695049	0.05158735	0.0466456673	-0.4550238	-0.0111825946	0.08704603	-0.4489483596	-0.03534947	-0.02490183	-0.439953931	0.1535017	0.08732443	-0.4348361	0.01490649
ENSMUST00000175031	0.02471441	-1.2781125244	0.03629831	0.0161884999	-0.7794953	0.150157998	-0.03384766	-0.8214516238	0.1557887	-0.0109241	-1.896226925	0.02202096	0.01049598	-0.6410505	0.05964224
Mir142b	-0.04458613	-0.5670017713	-0.006896943	-0.0504599368	-0.5546181	0.0973450748	-0.05350928	-0.5295560448	-0.04379514	-0.002035994	-0.620831225	0.02212823	-0.005681994	-0.48965	0.07400651
Mir378b	0.04596928	-0.3339511499	0.075236	-0.0976335442	-0.3248143	-0.0889268017	0.0108536	-0.3526990509	-0.06307666	0.02991519	-0.443205998	0.04352983	0.04647586	-0.4753188	-0.2129575
Mir152	0.02804275	-0.3735458388	-0.09044312	0.1368739412	-0.260636	-0.0144378325	0.06512017	-0.291141899	-0.04264609	0.06394751	-0.394493813	0.1363341	0.07050231	-0.3051839	0.1162172
Mir3064	0.00304539	0.3758347774	0.01770815	-0.1590214767	0.4271823	0.0517349989	0.04038261	0.1498461826	0.02377496	-0.02225468	0.718094652	0.03134013	0.01697699	0.2549072	0.1928564
ENSMUST00000175503	-0.01102138	0.4318341106	0.02329155	-0.0575282637	0.2510594	0.0108875011	0.0451263	0.0059776628	0.05328045	-0.1605581	0.905182624	-0.1068604	-0.01702515	0.3060955	-0.03024625
ENSMUST00000174940	0.007816326	-1.4360665084	-0.008011898	0.1373866048	-0.8201286	-0.0777670371	0.01926687	-0.797902268	0.09806415	-0.02709255	-1.569461305	-0.04160639	0.01309171	-0.7617102	-0.03280357
Mir338	-0.03923097	0.2098838373	0.005275843	-0.0786144797	0.1484047	0.085234691	0.02489001	0.1470392466	-0.109129	0.07195885	0.170077275	0.07193214	0.01968962	0.1920553	0.05179535
Gm27325	-0.05884837	-0.812807972	-0.04471339	0.1518879244	-0.4564275	-0.0362610905	-0.07042226	-0.196953152	0.0997213	0.01927248	-0.470010003	-0.1541417	0.03778541	0.09542299	-0.3453156
Mir3066	-0.02544498	0.0671596312	-0.05762877	-0.0093760776	-0.07756812	0.0263860242	0.005480004	-0.409645109	0.01949715	0.04046643	-0.385370794	-0.02710987	-0.1856491	-0.3961492	-0.1267896
ENSMUST00000175409	0.02471441	-1.2781125244	0.03629831	0.0161884999	-0.7794953	0.150157998	-0.03384766	-0.8214516238	0.1557887	-0.0109241	-1.896226925	0.02202096	0.01049598	-0.6410505	0.05964224
Gm22904	-0.02175039	0.0005215255	0.03512626	-0.0579745947	0.1738014	-0.1342750774	-0.06451778	0.1250729896	0.2043924	-0.04910682	-0.089243259	-0.1112093	-0.01764854	-0.1394982	-0.1188108
Mir5099	-0.05284082	-0.3236751306	-0.06413168	-0.0830794766	-0.2103317	-0.0970216769	-0.03142504	-0.2886692421	0.03134609	-0.08930824	-0.256027758	-0.02280716	-0.04528222	-0.3061856	-0.1411317
Mir5101	0.07235016	0.1174021864	0.005987866	-0.0087061922	0.2641278	-0.0108460347	0.03409543	0.62209024	-0.0260258	0.01946578	0.583733176	-0.001269213	0.0350663	0.2470554	-0.02572627
ENSMUST00000175149	0.02471441	-1.2781125244	0.03629831	0.0161884999	-0.7794953	0.150157998	-0.03384766	-0.8214516238	0.1557887	-0.0109241	-1.896226925	0.02202096	0.01049598	-0.6410505	0.05964224
Mir345	0.1323282	0.0917338646	0.0281556	-0.0315346666	-0.07468341	0.004323667	0.1159457	0.0545577396	0.0137187	0.04051974	-0.016272733	-0.02545776	0.002072218	0.1411239	0.01990542
Mir770	0.0571829	0.5402867323	-0.04729821	-0.109322006	0.4189321	-0.1229464342	0.1706744	0.4549892323	0.006578953	-0.05626362	0.569562732	-0.1238995	0.04085567	0.5243871	-0.03189417
Mir673	0.08657939	0.1233941644	0.06268606	0.0352079812	0.1351888	-0.1517850199	0.04284757	0.1684507486	-0.02215918	0.04089473	0.101944846	0.02899771	0.04451407	0.1670805	-0.04303233
Mir337	0.04164003	0.064663975	-0.03525461	-0.0505663748	0.0950505	-0.0553820865	0.06391231	0.1073463048	-0.1014468	0.02750372	-0.010140229	-0.01075992	-0.01351153	0.1372578	0.0751854
Mir540	-0.01894259	0.3020675212	0.03177232	-0.0819222276	0.2900346	-0.1171204724	0.04756709	0.2994146101	0.06445265	-0.004831337	0.263705368	-0.0286168	-0.01534362	0.3477221	0.05031129
Mir3070b	-0.04469988	0.3372459778	0.003412808	-0.1227959885	0.5284243	-0.019498567	-0.0383551	0.0328461216	0.00695123	-0.009808305	-0.08201547	0.002539904	-0.03074418	0.7552817	0.02968496
Mir3070a	0.03231994	0.4928436438	0.01441119	0.0682520225	0.3029379	0.0007442463	-0.02077505	0.723405082	-0.01201101	-0.04254721	1.180823787	-0.01705183	-0.02437612	0.5155706	0.00392004
Mir431	0.03171788	0.2558446298	-0.0137652	-0.1163184392	0.2505202	-0.115106418	0.09680558	0.2455697773	-0.01143193	-0.05237236	0.254300512	0.01591742	0.004552978	0.3379068	0.1465256
Mir433	0.01206066	0.3830127023	-0.001134056	-0.0167166162	0.309775	-0.0273070615	0.07632824	0.3872087584	-0.01668766	0.01911738	0.456380694	0.04854081	0.01893024	0.3818363	0.08933192
Mir127	0.03248734	0.3398338947	-0.03715029	-0.1051168563	0.4774037	-0.0893815036	0.1063037	0.1967489248	-0.09299676	0.002266269	0.476514416	0.03852245	0.08466203	0.2875228	0.05899311
Mir434	-0.05897066	-0.4626455537	0.0007652576	0.0710115436	-0.3852154	0.0231110454	-0.03370809	-0.4711704434	0.1324641	-0.03119024	-0.372582082	0.08250283	-0.0649619	-0.4256224	0.0577722
Mir3071	-0.01226319	-0.5011446871	0.001991207	-0.0086568213	-0.5693653	0.0543369056	-0.05549773	-0.5340425552	-0.006566601	-0.03577304	-0.665002333	-0.02048302	-0.01087396	-0.5192045	0.05768216
Mir341	0.05988207	-0.4328177385	-0.001489683	-0.1144567298	-0.4302275	-0.1219331415	0.06497989	-0.4998822212	-0.02842045	0.004258986	-0.472351506	-0.008230351	0.02468686	-0.4490603	-0.1006702
Mir1188	0.07555547	0.7854116073	0.02139576	0.1242396519	0.2609077	-0.0224822914	0.0818186	0.5790339789	0.1554128	0.1017177	0.84279472	0.01775747	0.04047825	0.04942433	0.01575292
Mir370	-0.002564194	0.4435302351	-0.02766173	0.0268376353	0.4245567	-0.0741267601	0.03331682	0.4211215526	0.1208041	0.01270087	0.440660938	-0.03076181	0.01349875	0.3733018	0.009749544
Mir379	-0.04003326	0.1476221262	-0.04468444	0.020560273	0.1321169	0.0553370545	-0.05116944	0.1958500603	-0.06405196	-0.004711833	0.138680803	-0.02239985	0.02040439	0.1884329	0.003500486
Mir411	0.0261864	-0.5186576105	0.03662178	0.0018113913	-0.464093	0.0034203503	0.04080978	-0.508290994	-0.04619307	0.01621671	-0.489917813	0.1061984	0.03528081	-0.514686	-0.01554419
Gm25750	-0.1213182	-0.2555402148	-0.01186683	-0.065298737	-0.2999039	0.0868173972	-0.08768692	-0.3480470252	-0.01250982	-0.06449101	-0.282934287	-0.05019829	-0.07285586	-0.3001476	0.04438034
Mir1197	-0.09667884	-0.5907087255	-0.005710216	-0.0219764801	-0.4011281	-0.0106389726	-0.1111945	-0.5893164806	0.02216129	-0.1599347	-0.426544565	0.06252908	-0.0003263633	-0.5282639	0.2073452
Mir323	-0.06345338	-0.2492435408	-0.02028083	-0.0122041158	-0.3324793	-0.031440689	-0.05622238	-0.2796793753	-0.03300364	-0.03924492	-0.236957193	-0.0149165	-0.05063185	-0.2828426	0.04771011
Mir758	-0.1539551	-0.3041642053	-0.04260559	-0.001431176	-0.4031641	0.0601734241	0.02137532	-0.5101328385	0.03280488	-0.07914225	-0.313642417	0.04162698	-0.07230223	-0.3413426	0.0242267
Mir329	-0.000481204	0.3147999957	-0.004770331	0.0931162866	0.3816657	-0.069998173	0.03275109	0.35324925	0.05592521	0.02312496	0.395600712	-0.01282897	0.04538986	0.3276816	0.02484669
Mir679	-0.01707491	-0.7793348131	0.05577701	-0.061581352	-0.6605393	-0.1218423496	0.1343468	-0.5514283892	0.130761	-0.04002451	-0.737917002	0.1465011	-0.05264724	-0.5742418	0.2044543
Mir1193	0.1446903	-0.4708424129	0.003827203	-0.0267123522	-0.5875722	-0.0546969408	0.03506568	-0.5144638362	0.08144974	0.02914326	-0.669807838	-0.03322229	0.1482038	-0.439584	-0.02990535
Mir666	0.0006528556	0.2559519412	0.004514471	-0.1620028324	0.2165464	-0.0957574893	0.111021	0.1755575559	0.0114755	-0.03496874	0.246227651	-0.02749073	0.02915947	0.2675764	0.0508053
Mir543	0.006452175	0.4032950601	-0.0778606	0.0374200661	0.371942	-0.0735430262	0.03843913	0.3913316229	-0.07272966	0.02200226	0.426199049	-0.154924	-0.0111702	0.3352022	-0.02569326
Mir495	0.05598349	0.3258565865	-0.003282594	0.0689990498	0.3158685	0.0107274948	-0.003070124	0.3551693238	-0.03497281	-0.002452517	0.319996035	-0.1049394	0.01504695	0.2774617	0.02935522
Mir667	-0.04825749	0.2799808899	-0.003727679	0.0221323881	0.3297468	-0.0134472954	-0.02830146	0.2343280496	0.04399482	-0.007172386	0.406162645	0.03634702	-0.03905683	0.3900495	0.2391714
Mir376c	-0.08256882	0.1533029295	-0.01377031	-0.0269945992	0.0983527	0.074907652	-0.1078739	0.1218033534	-0.05610142	-0.03946013	0.042340662	-0.04853691	-0.05898004	0.1220083	0.09569186
Gm25252	-0.07019992	0.1133922867	-0.01027668	-0.0074687901	0.01545067	0.0307139818	-0.03710684	0.0387412856	-0.01647043	-0.01774121	0.053782448	0.02229885	-0.02133834	0.08840924	0.161831
Mir300	0.001679905	-0.0883729871	0.02363317	0.0172202156	-0.02808117	-0.022487419	0.04825189	-0.1049077588	0.006632554	0.0124569	-0.019897839	0.07097831	0.01396858	-0.09479173	0.06685431
Mir381	0.02129089	-0.3869475969	0.03270789	-0.0044223724	-0.2918241	-0.1584378329	0.05151269	-0.4260107484	0.05539061	0.0251395	-0.413980687	0.019548	0.00481014	-0.4181233	-0.08641529
Mir487b	-0.07881013	0.1707710448	-0.02265903	-0.0064009938	0.1552339	0.0377599568	-0.08900122	0.1629169325	0.03888718	-0.02659887	0.153404852	-0.0542806	-0.1069222	0.07692036	-0.03175658
Mir539	0.1003981	0.3137153913	0.01035223	0.1579280689	0.2022982	-0.0524412121	0.08290507	0.1330120275	-0.02332502	0.1263051	0.281307425	0.007749984	-0.03579364	0.2274151	0.2112534
Mir544	-0.00925775	-0.0284560809	-0.02181763	-0.1740776884	-0.1775472	0.0220974543	-0.148811	-0.0959245916	-0.05662343	-0.07644752	-0.203409349	-0.04717096	-0.008193061	0.00318486	0.05683625
Mir382	0.05706294	0.3268852142	-0.07866585	-0.0285152893	0.2879999	-0.0734465327	0.03513519	0.2733681495	-0.06511224	-0.01190613	0.352099283	-0.08831509	-0.02941342	0.312787	-0.1157805
Mir134	0.03458814	0.0924726782	-0.02475762	-0.1508450476	0.04893302	-0.0669925373	0.07009911	0.0770081679	-0.1402029	-0.02225984	0.142732842	-0.0736461	-0.003214102	0.1857508	-0.008566014
Mir485	0.01184352	0.4403245772	0.01287132	0.0234127829	0.4162306	-0.0557379468	0.03801862	0.3555745046	0.006880253	0.0167314	0.426150088	-0.0416033	-0.02166693	0.3655505	0.02944411
Mir154	0.1228068	0.0494916366	-0.06605444	0.0329519052	0.03085757	-0.0505333115	0.1237003	0.0097589886	-0.1343604	0.04857778	0.0947456	-0.05129322	0.07085836	0.1351995	0.07477024
Mir496a	-0.01736597	0.3395519301	-0.01322905	0.1122964979	0.3093539	0.0215042709	-0.0287506	0.3131450806	-0.07929374	-4.182192e-05	0.455142613	0.07134951	0.003110357	0.3577103	0.2120497
Mir541	0.04583639	0.3197231244	-0.05315612	0.1692654196	0.3631434	-0.1293216952	0.1105888	0.2688833001	-0.01106938	0.03430393	0.315950037	0.006443691	0.04039014	0.2797159	0.1215355
Gm24321	0.008820024	0.0021715134	-0.03408303	0.0335570909	0.06416313	-0.0986181139	-0.008537721	0.0003700106	-0.04740893	-0.002512136	0.00471693	-0.04494983	-0.01242692	-0.0190161	-0.04366981
Mir412	0.02737063	0.2718529768	0.04010307	0.0324495105	0.1177745	0.0588015332	0.01506676	0.2309475617	0.03032774	0.04093668	0.159881266	-0.01893501	-0.05567063	0.1629279	0.130341
Mir369	-0.06206754	-0.0432432917	-0.05086357	-0.0120586348	-0.1327264	0.0187246082	-0.08197585	-0.0887440002	-0.02252824	-0.02990997	-0.126073057	-0.05452233	-0.0207898	-0.1733737	-0.04265979
Mir410	-0.0756253	-0.2954790069	0.003516694	-0.0227618091	-0.2233733	-0.0469463958	-0.003258888	-0.356965551	0.02676642	-0.03612128	-0.209862383	0.126143	-0.01430824	-0.3471534	0.04954705
Mir3072	-0.0636003	0.351047035	0.03233462	-0.1456849948	0.2111772	-0.0271771814	0.0453603	0.3746457433	-0.01061292	-0.02448734	0.523379861	-0.03240064	-0.01770962	0.5650659	0.1874826
Mir1247	-0.185113	0.273754539	-0.02114434	0.1199974598	0.1643719	-0.113944116	-0.2098515	0.1880489887	-0.02761354	-0.09264866	0.191567094	-0.1885705	-0.1249052	-0.006574586	-0.5036821
Mir203	-0.1075117	-0.1742289818	-0.03395295	0.0352431533	-0.1246768	0.0744330137	-0.07455233	-0.0485130725	0.03031746	-0.05929178	-0.031030454	0.1306743	-0.04481235	-0.1349352	-0.0001957525
Mir153	0.01670116	-0.3568853312	-0.1054172	-0.0361650774	-0.5574789	-0.0422291181	0.08180629	-0.4096108422	-0.1456831	-0.03612897	-0.599182884	-0.1285138	0.06847716	-0.3891505	-0.07345731
ENSMUST00000175143	0.02471441	-1.2781125244	0.03629831	0.0161884999	-0.7794953	0.150157998	-0.03384766	-0.8214516238	0.1557887	-0.0109241	-1.896226925	0.02202096	0.01049598	-0.6410505	0.05964224
ENSMUST00000176544	-0.01410141	-1.0516756453	-0.009520052	0.0365645794	-0.9139043	0.0591453844	-0.06585157	-0.8616229281	0.110057	0.00367036	-1.142901571	-0.07685614	0.02924264	-0.8105519	-0.1196718
Mirlet7d	0.06686274	0.2097611476	-0.01470277	0.0196045788	0.3002267	0.0215100924	-0.01747924	0.3258979487	0.008572255	0.0006661342	0.215439263	-0.06616616	-0.05745695	0.2556984	0.02241877
Gm24111	0.02332009	0.0293147391	0.03076669	0.0673583083	-0.1687999	0.1044645299	0.005638499	0.205436283	0.1220327	0.0722221	0.056017621	0.04713853	0.01838369	0.1843986	0.1055135
Mirlet7a-1	0.1147203	0.2305435749	-0.03082221	0.0046880538	0.3395153	0.042839778	0.01379739	0.3343242649	-0.001310711	0.01407352	0.286646391	-0.04006763	-0.03295876	0.2753366	0.02480001
Mir874	-0.05707373	-0.2079325594	-0.02098074	0.0652651324	-0.4027145	0.0160065124	0.01180012	-0.1491498095	0.07233403	-0.01166713	-0.281768655	-0.05192285	-0.000486854	-0.07623828	0.03947167
Gm25000	0.001568801	0.0001731407	-0.003351329	0.0226021522	-0.0972445	0.0168749824	0.02029028	0.1099748022	0.02715961	0.005558803	1.128342522	-0.01127405	0.0003293592	-0.07786672	0.05499279
Mir23b	0.2133473	-0.0528550485	0.0139755	0.0081103102	-0.005264299	0.0158790059	0.1206419	-0.0010660892	-0.04621238	0.05860835	-0.027113706	-0.03666862	0.007971153	-0.02406322	-0.06052584
Mir27b	0.02686232	-0.0021596481	0.02012709	-0.0783556301	-7.373847e-05	0.0111226073	0.005957547	-0.0820402097	-0.02373475	0.01418941	-0.044065086	0.01587656	0.01401073	-0.08813728	-0.08259995
Mir3074-1	0.1420718	0.2675403281	-0.06428459	-0.0691746011	0.2362932	0.0192852869	0.09543894	0.3530056667	-0.07142837	0.05436329	0.163224167	0.0200198	0.05058496	0.3533934	-0.09885654
Gm25197	0.02941362	-0.455037878	0.01135587	-0.01961318	-0.1105649	0.0371398298	0.03139618	0.0260910044	0.07104663	0.01944405	-0.157006023	0.01303751	-0.05430263	-0.150314	0.2720927
Mir9-2	0.07881339	-0.5150670393	-0.009865276	0.1232445105	-0.4249022	0.033629057	-0.002194123	-0.3412912973	-0.0107249	-0.006769997	-0.48398386	0.0400775	0.04295816	-0.4312329	-0.03296463
Gm22118	0.06794108	0.5361525099	-0.0266254	0.2043261067	0.2737088	0.0451503901	0.1164351	0.7027312626	-0.02317562	0.1859494	0.610024827	-0.06628243	0.0540372	0.6194147	-0.2234114
Mir582	-0.0158197	-0.5322074282	0.01832434	0.0291149644	-0.4477568	-0.0415552281	0.08672789	-0.5231518102	0.1580043	-0.005630715	-0.476123921	0.06094073	0.04056773	-0.472547	-0.1141422
Mir449c	0.0348193	0.5073635048	0.04410833	-0.051170793	-0.1350357	0.016637722	0.120269	0.4211327106	-0.0156571	-0.01671554	0.173318615	-0.03904287	-0.05076182	0.6608205	0.03021378
Mir449a	-0.01224803	0.3888227082	-0.01133205	-0.2727403307	0.2874123	-0.0135596352	0.03835071	0.4150448916	-0.009440947	-0.07544935	0.323711649	0.02893952	-0.1744438	0.5994636	0.08617979
ENSMUST00000177345	-0.07722245	-0.7439676728	-0.0554164	-0.0056238958	-0.6320208	-0.0299444853	-0.01561507	-0.5494576799	-0.0977741	-0.03280474	-0.634736717	-0.115196	-0.05365859	-0.395977	-0.3124521
ENSMUST00000175105	0.02471441	-1.2781125244	0.03629831	0.0161884999	-0.7794953	0.150157998	-0.03384766	-0.8214516238	0.1557887	-0.0109241	-1.896226925	0.02202096	0.01049598	-0.6410505	0.05964224
Mir5131	-0.002928972	0.5083725234	0.01691418	-0.0708640511	0.4556441	0.0488046015	-0.03001326	0.108475531	0.02499844	-0.03975779	0.579691383	0.06719744	-0.0173552	0.2019013	-0.001124363
ENSMUST00000175671	-0.07722245	-0.7439676728	-0.0554164	-0.0056238958	-0.6320208	-0.0299444853	-0.01561507	-0.5494576799	-0.0977741	-0.03280474	-0.634736717	-0.115196	-0.05365859	-0.395977	-0.3124521
Mir208b	-0.09821107	-0.8189916808	-0.01538159	-0.0255723811	-0.710198	-0.013588314	0.09097747	-0.5748010157	0.0007244169	0.007763924	-0.6649748	-0.04838854	-0.1296375	-0.8849932	-0.2488747
Mir16-1	0.03131247	-0.1597775075	0.004325474	-0.0468336628	-0.08518181	-0.0146691104	0.1299822	-0.1387482443	-0.08642117	0.06388497	-0.122855744	0.1175059	0.09959978	-0.1020355	0.2324276
Mir15a	-0.009525123	-0.0947655701	0.005366358	-0.1455267427	-0.05295735	0.0535149689	0.04203024	-0.0272136908	-0.06142388	0.02656811	-0.077573765	0.07705276	0.04082339	-0.008173756	0.2364894
Mir598	0.06095196	-0.3300882992	0.03287763	0.1338768483	-0.3035782	0.0231949401	0.0204263	-0.4193248894	0.0180783	0.0430243	-0.343306972	0.07121601	0.03213757	-0.4201223	-0.1629779
Mir124a-1	0.09158459	0.3495687645	-0.01215798	-0.2059657957	0.3905471	-0.0179071256	0.09848057	0.3048108359	-0.1131183	0.007874611	0.286235046	-0.1309235	0.03579997	0.2263107	-0.149926
Mir3078	-0.1415696	-0.1459434069	0.02098721	0.0128004894	-0.1217651	0.077679064	0.0101491	-0.089481483	0.09724978	-0.003858194	-0.196057277	0.0408681	0.03366029	-0.3317584	-0.01059524
Mir320	0.1236945	0.3265871639	0.01769055	-0.085181452	0.4151965	-0.0982716018	0.03862754	0.316705433	-0.002282566	0.05523601	0.337783216	-0.0847464	-0.01809472	0.2599637	-0.09625216
Gm22877	0.00572471	0.2781906056	-0.001823985	-0.0070524692	0.4295614	-0.0006716256	0.006642735	0.130056177	-0.004209087	-2.44793e-05	0.161972072	-0.005235509	-0.002135798	0.5761351	-0.006563521
Mir17	0.02477135	0.1159985484	-0.02763877	-0.0259971663	0.17046	-0.0394225963	0.09146173	0.1774237633	-0.05090628	-0.007058093	0.231795732	0.1324597	0.03666242	0.2739478	0.2373642
Mir18	0.07609267	-0.0233054774	0.05780972	0.0704251908	0.1653752	0.0360942358	0.1951341	0.0352173153	0.1700247	0.1297835	-0.064100293	-0.06876016	-0.0005380662	0.07578374	0.2535736
Mir19a	0.1266296	-0.5710167034	-0.0188505	0.0685935934	-0.899769	0.0428315959	-0.06799034	-0.5656192872	-0.04948948	-0.03529431	-0.631015152	-0.04123401	-0.01716029	-0.4775317	0.2456579
Mir20a	0.0173637	0.2127958506	-0.08009847	0.016305457	0.2414526	0.0232315575	0.02732256	0.1970021788	0.06265871	-0.03345104	0.187017727	0.02554231	-0.03939751	0.3006206	0.2105018
Mir92-1	-0.09515743	0.1969299387	0.0121198	0.0738006956	0.2726568	0.0005451152	0.05017542	0.2995075725	0.1866755	-0.02177821	0.310143514	0.1384642	0.003021797	0.3078754	0.1891117
Mir30d	-0.05670802	-0.2150852527	-0.02430126	0.0629714553	-0.1498616	0.0123695173	-0.02809976	-0.1765669869	-0.0148	0.01937022	-0.176326962	0.08808296	0.01785615	-0.229907	0.007596573
Mir151	0.03558784	-0.1502351371	0.01447575	-0.0150791407	-0.05082822	0.0177166429	0.02807105	-0.0935577043	-0.01587027	0.06519556	-0.094966183	0.06368057	0.03036974	-0.1423873	-0.08557353
Gm26117	0.07029927	-0.5974550037	0.02731842	-0.2898800904	-0.2351196	0.1287053092	-0.05462529	-0.3871230829	0.1859564	-0.07069269	-0.301428641	-0.01427187	0.01291319	-0.01176313	-0.06528357
Gm23880	0.00143776	0.7527294836	0.009140394	-0.0325333422	0.3087306	-0.0054679892	-0.028391	0.7663814906	0.004309362	0.02527811	1.477180875	0.02606909	-0.001406739	0.2273678	-0.008825939
Mir33	0.01146757	-0.04761593	0.008295164	-0.2856754719	-0.1217869	-0.0107149867	-0.04821376	0.0108727242	-0.04678172	-0.1134576	-0.188568444	-0.01160204	-0.06541286	-0.1134853	0.06059742
Gm24575	0.01794584	-0.7673213659	0.004730533	-0.030084148	-0.2451516	0.0089476512	0.07592777	-0.7391574486	0.06387692	0.02684664	-0.659221995	0.03451865	0.01975786	-0.2803479	-0.01185208
Mir1249	-0.1238345	-0.261682115	0.03903304	0.1168184628	-0.4684556	0.1138389965	-0.07621915	-0.2252795729	0.05236623	0.122271	-0.189561068	0.05646761	0.02128114	-0.24697	-0.06536959
Mirlet7c-2	0.1195356	0.1322076249	-0.03288093	0.0235852872	0.2545025	0.0051422739	0.04193056	0.193737659	-0.02099153	-0.005798722	0.239630914	-0.0004400764	-0.01761455	0.1533068	0.01774656
Mirlet7b	0.1203822	0.2800333508	-0.0003349773	-0.0256548147	0.3397535	0.0122940338	0.03728003	0.3685161021	-0.0298837	0.04359058	0.326474902	-0.0180898	-0.009099367	0.2977288	-0.008998156
Mir615	-0.07109137	-0.2356809297	0.01207641	-0.1078491759	0.5141732	0.0444882856	0.05757139	0.3835920302	0.009754686	-0.1022133	0.329526818	0.07348907	0.07233814	0.5097684	1.005273
Mir148b	0.006313784	-0.1250229905	0.009690388	0.1786850997	0.02139056	-0.0097010067	0.04902389	-0.0306784081	0.03441965	0.03714991	-0.021685627	0.1202143	0.09401171	-0.08109987	0.03434451
ENSMUST00000175309	-0.01380718	0.4701815849	0.001107335	-0.1135843553	0.004403827	-0.0188087318	-0.03348339	0.1846657037	0.01012721	-0.03795435	0.336500488	0.00392308	-0.096454	0.106786	-0.005765595
Gm23935	-0.01215492	-1.297345059	-0.03814209	0.0235722638	-1.129657	0.0802491952	-0.0739485	-1.1725788443	0.101591	-0.04286128	-1.192468475	-0.1040932	0.0001013477	-0.8038638	-0.1130531
Mir193b	0.1502654	0.2753168326	0.08421077	-0.0780598967	0.203012	0.0240930206	0.1338194	0.219891524	0.02860065	0.03311662	0.249696935	0.05392953	0.02932581	0.245	0.06221739
Mir365-1	-0.1287408	-0.0571910699	-0.06645358	0.0110756705	-0.06826155	0.1058541429	-0.08852136	0.0229347157	-0.01265036	0.03989602	-0.058141577	-0.06442152	-0.0819335	-0.09455233	-0.01923699
Mir484	-0.01709508	-0.1956723869	0.02141289	-0.0685155195	-0.1837643	0.0255036304	-0.1169003	-0.2375443661	-0.03919094	-0.02475454	-0.314000816	-0.1062149	-0.09925913	-0.3347807	-0.1105839
ENSMUST00000175219	0.02471441	-1.2781125244	0.03629831	0.0161884999	-0.7794953	0.150157998	-0.03384766	-0.8214516238	0.1557887	-0.0109241	-1.896226925	0.02202096	0.01049598	-0.6410505	0.05964224
Mir130b	-0.03373884	0.0138429969	0.03950337	-0.1460812883	0.1376425	-0.0496287418	-0.02915526	0.1158401105	-0.05324353	-0.004529694	0.018416987	-0.07144597	-0.05093159	-0.007155251	-0.1551137
Mir301b	-0.03855084	-0.3039691506	0.007414851	-0.0610125922	-0.1792539	-0.1353945949	0.0232761	-0.2944295768	-0.1226596	-0.07873861	-0.220102873	0.02467943	-0.02764284	-0.4043067	-0.2629741
Mir1306	0.1314634	0.2066314964	0.02424666	0.0285814946	0.2526764	0.0291873373	0.1203546	0.2024747758	-0.05386353	0.2667482	0.326277075	-0.004647299	-0.0008551196	0.2977246	-0.1112617
Mir185	-0.02595616	0.4265407689	0.008129374	-0.0136504778	0.4329304	-0.0212023936	-0.04574143	0.4137518251	0.04463726	-0.0240267	0.419586563	-0.06534611	-0.01547017	0.3573244	-0.01821025
Mir1224	-0.002463038	0.2699885841	0.02971346	0.0341537981	0.2873555	-0.0649586255	-0.003098909	0.3593935572	0.0202095	0.04034435	0.390123807	-0.01291339	0.02009422	0.3965911	0.05173417
Mir28a	-0.004106186	0.0091341633	-0.02269987	-0.0613312849	0.07360611	-0.0724938867	-0.01785412	0.0378040801	-0.089577	-0.02314764	0.043998693	-0.03854403	0.03056379	0.03928045	0.06423023
Mir1947	0.06812787	0.3526579816	0.005077092	-0.1762214828	0.5184134	-0.090716725	0.1237791	0.418965824	-0.02527342	0.0723307	0.396956903	0.00768629	0.08808797	0.4239525	-0.3123396
Mir99a	-0.03006564	-0.3908694624	-0.04674504	0.0199637535	-0.3176138	0.0401163662	0.01702943	-0.3482797114	-0.05962761	0.03890245	-0.309179615	0.05294838	0.1166741	-0.2297742	0.0536218
Mirlet7c-1	0.157847	0.4151846385	-0.001515114	-0.0620525375	0.4501714	0.0237149424	0.03704685	0.52221758	-0.02567714	0.07158192	0.529365049	-0.005181957	-0.01936789	0.5267712	-0.001430803
Mir125b-2	-0.04652716	-0.82137883	-0.035182	0.0993582453	-0.7874358	0.0925826444	-0.1114601	-0.7253989028	0.01927462	-0.01455343	-0.834403603	-0.02535203	0.01296955	-0.5907883	0.07246746
Mir802	-0.1113432	-0.4272436037	0.01297697	-0.1233944613	-0.4998342	0.0547425787	0.002925704	-0.348954974	-0.01298185	-0.04115022	-0.356766033	0.1508107	0.1404282	-0.2770127	0.2180319
Mir99b	0.001049019	-0.7092717265	-0.06879983	-0.0361499882	-0.5863848	-0.0556537289	0.0214628	-0.5905247705	-0.1065439	0.006711724	-0.752094553	-0.02948506	0.0496658	-0.4894402	-0.09829242
Gm25927	0.1150879	0.2614820641	-0.01324331	-0.0135751129	0.3609756	-0.0085842112	0.02562486	0.3252152675	-0.02616914	0.008348073	0.33668236	-0.07429768	-0.04646302	0.2980906	0.01797276
Mir125a	-0.0701749	-0.5417549783	-0.0415596	0.1219249758	-0.4988976	0.0497066027	-0.08735038	-0.4925041525	0.005900101	-0.03493773	-0.535660764	-0.05682995	-0.02020265	-0.4026536	0.0073873
Gm24589	-0.006965047	-0.3383425001	0.02752918	0.0136912632	-0.6878827	-0.0151102051	-0.03256197	-0.8809451995	0.09924104	-0.01145912	-0.350684437	0.001719317	-0.01575569	-0.2770932	-0.114741
Mir3547	-0.2321516	0.6145394015	-0.02026582	-0.3557227295	0.2826913	-0.021925208	-0.1043929	0.1037298069	0.001939242	-0.2051816	0.632888017	-0.1597797	-0.1583017	0.315811	-0.3333152
Mir3082	-0.06697601	0.108740769	-0.009357722	-0.0606366814	0.2445129	-0.0272377237	-0.007794964	0.0958373339	0.1791449	0.03468928	0.119839488	0.08904311	0.04739961	0.02705412	-0.04873919
Mir3083	0.06406628	-0.0018483803	-0.03997866	0.1503459012	0.104544	0.0008223071	0.04030216	0.0858624234	-0.01402376	0.08082235	-0.067642881	0.1168525	0.07900679	0.07626171	0.01244882
ENSMUST00000175579	0.02471441	-1.2781125244	0.03629831	0.0161884999	-0.7794953	0.150157998	-0.03384766	-0.8214516238	0.1557887	-0.0109241	-1.896226925	0.02202096	0.01049598	-0.6410505	0.05964224
Mir877	-0.05960179	0.4120303589	-0.01709131	0.0676430158	0.3899012	0.0085022797	-0.01713252	0.3106717197	0.06498182	0.05449512	0.501861326	-0.03217919	-0.004777706	0.3671834	0.05586373
Mir7b	-0.1064959	0.3294948534	-0.07368972	0.0188510535	0.1490043	-0.0268903845	-0.1039794	0.3310690018	0.01704217	-0.2364795	0.244765572	-0.2261264	-0.1590244	0.24443	-0.06417219
Mir5709	-0.04639824	-0.5040442346	0.009761559	0.0331660939	-0.7523141	0.0067796348	-0.06043559	-0.2483531485	0.05529048	-0.0694028	-0.177409442	0.09890943	-0.06816278	-0.2041984	0.05370479
Mir133a-1	-0.04504125	0.0209007569	-0.001943303	0.084036076	0.04994554	0.0999854068	0.04817241	0.010772222	-0.03280519	0.09961512	-0.044136784	0.02524206	0.04345983	-0.1529122	-0.1793575
Mir1948	-0.09857202	0.14524556	-0.00658885	-0.168912971	0.04600032	-0.1052476627	0.06778092	0.2210823658	0.009804853	0.1083583	0.049083642	-0.004673022	0.2342633	0.09843428	-0.004609666
Mir187	0.02151517	0.324295953	0.09635676	-0.24360385	0.2138472	0.0466526906	0.04714503	0.060332639	-0.1105577	-0.09010261	0.182764748	0.08864044	-0.1003998	-0.06461887	-0.04472381
ENSMUST00000175620	0.07219137	0.1616555388	-0.02882676	0.2514236731	-0.4436989	-0.0859152175	0.09569927	-0.432630427	0.1237032	0.0004546196	-0.116967169	-0.1716092	-0.05613466	-0.06663189	-0.2658138
Gm25301	0.07792682	-0.2688200274	0.06035476	0.0460286992	-0.1600383	-0.0501966019	0.02720889	-0.2099410084	0.008759295	0.02533146	-0.31021998	0.07196305	0.004322408	-0.2940862	-0.007742524
Mir145a	-0.05518741	-0.3417914344	0.02110056	0.1416294775	-0.313304	0.0326171606	-0.05857172	-0.3272422857	-7.073727e-05	0.005375731	-0.333834006	0.04124984	0.01750199	-0.2857336	-0.0259452
Mir143	-0.07864972	-0.0977980379	0.01029458	-0.1089861078	0.03961414	-0.0480141055	0.0257584	-0.1907400811	0.08342576	-0.03292069	-0.086110083	0.1295802	0.05416106	-0.2764121	-0.1005496
Mir122	0.02323532	-1.5399220027	-0.01985796	-0.030059272	0.2743562	-0.0033471227	0.1992694	-1.084072538	-0.1608853	0.1148988	-0.118117961	-0.02819474	0.1664852	-0.730975	-0.1325767
Mir194-2	0.01344973	-0.1317159939	-0.004860548	0.1469057827	-0.1109366	-0.0613953735	0.1211591	-0.1269418631	-0.08253626	0.1573545	-0.311761985	0.07432107	0.128314	-0.3696573	-0.1686926
Mir192	0.04369506	-0.5047679923	0.04247042	-0.0641098106	-0.475175	0.0206433894	0.01220926	-0.4685953386	-0.07247344	0.03653512	-0.573427339	0.09777421	0.01008852	-0.5115765	-0.02179375
Mir204	-0.1333117	0.1003851554	-0.003454833	-0.0176698505	-0.1393534	-0.0706643666	-0.02409302	-0.134366651	0.1133815	0.04948303	0.145210693	0.1609283	0.01987441	-0.1119893	-0.4324246
Mir1192	-0.0106087	-0.0597347907	-0.001369543	-0.0248510859	-0.03438901	0.0118490912	-0.02012278	-0.0355569565	0.07884538	0.0108327	-0.201236047	0.01704239	0.000198056	-0.07198445	-0.007462237
Mir101b	-0.007582465	-0.5500307027	-0.002554219	-0.0540160611	-0.5747766	0.0061847672	0.006310652	-0.4945987805	0.002207123	-0.04391969	-0.593096626	0.077094	0.02787887	-0.5059435	0.01887181
Mir107	0.05314206	0.036846878	0.02003954	0.0137407213	0.1189216	-0.0807463355	0.08063441	0.1025449887	-0.0165422	-0.003448704	0.038057612	0.01968964	0.03966741	0.002219232	-0.005536731
Gm26339	-0.003933667	-1.58213604	-0.001310945	-0.0734550109	-0.6938479	0.0205158032	-0.07493186	-0.6314505896	0.03187114	-0.07932604	-1.65835573	0.04658696	-0.02769885	-0.9668609	-0.01318793
Mir3085	-0.01968381	-0.3382885531	0.01887736	-0.0325908332	-0.3155304	-0.004452162	-0.01277205	-0.400040658	0.05729953	0.02517292	-0.346545489	0.03261215	0.02516172	-0.2728242	-0.06039709
Mir146b	-0.03151702	0.5300592617	-0.07242385	-0.0086545057	0.5212566	-0.0631912597	0.02164291	0.4207104809	-0.02081944	-0.008784254	0.537945663	0.08243787	0.04271448	0.380492	0.01573732
Mir3086	0.1023521	-0.5805605688	0.06476385	0.0347744765	-0.3565084	-0.1259518887	0.001437756	-0.5495839914	-0.05154732	0.03850908	-0.602250058	-0.002242343	0.05588721	-0.5530405	-0.1435063
Mir669b	0.04074362	0.3427433523	0.01375149	0.0196560495	0.4242079	0.0187232295	0.04978183	0.1892973111	0.01562785	0.01709319	0.940991199	0.02986368	0.03023943	0.7916784	0.09134188
Mir467c	0.08037121	-0.1382528988	0.05888222	-0.0472683542	0.1517231	0.0615785405	-0.02582981	0.2828015947	-0.000235875	0.07128295	0.026298801	-0.05531475	0.106946	0.3541241	0.340247
Mir467a-1	0.006991596	0.218255336	0.0150105	0.0082171055	0.2671965	-0.0249313613	-0.001575954	0.1600015105	0.04378713	-0.01360128	0.16140546	-0.02453854	0.04514228	0.4185478	0.5127987
ENSMUST00000103948	0.05830421	0.2962525996	-0.02589283	0.0702375638	0.4596458	-0.0634715753	0.109729	-0.0726853956	-0.09496915	0.05076938	0.483079288	-0.08444865	0.02850754	0.6183314	0.123026
ENSMUST00000103952	0.05830421	0.2962525996	-0.02589283	0.0702375638	0.4596458	-0.0634715753	0.109729	-0.0726853956	-0.09496915	0.05076938	0.483079288	-0.08444865	0.02850754	0.6183314	0.123026
Gm25943	0.05830421	0.2962525996	-0.02589283	0.0702375638	0.4596458	-0.0634715753	0.109729	-0.0726853956	-0.09496915	0.05076938	0.483079288	-0.08444865	0.02850754	0.6183314	0.123026
Mir467e	-0.008251242	-0.0365865382	0.09702954	-0.0447324966	0.09397829	0.1072144079	-0.02741375	0.0309396012	-0.02695061	0.1161493	0.056955605	0.1025035	0.01839059	0.3447965	0.6445329
Mir467d	-0.07899081	-0.0125791298	-0.08683996	-0.1288360429	0.1068924	-0.1353479293	-0.03769777	0.0271866944	-0.1365793	-0.04010398	0.026136464	-0.08788387	0.08112683	0.2831386	0.3298355
Mir669c	-0.0474846	0.3127506552	-0.01248749	0.0558811566	0.4021817	-0.0372489642	0.06260777	0.2814747637	0.0357863	-0.07231263	0.503253036	-0.0674863	0.06884355	0.7144331	0.5921018
Mir669a-2	0.08698226	0.3905379342	-0.03306024	-0.1295817277	-0.2600297	-0.0572938911	0.1585052	-0.3582528798	0.03781307	0.1162373	1.074872485	-0.0840429	0.1349594	-0.3084054	-0.0859739
Mir297b	-0.004622374	-0.9302218806	-0.02077577	0.0315358534	-0.3788899	-0.0113384475	-0.1007658	-0.1837357304	-0.03366248	0.01308953	0.041206386	-0.03772738	-0.007701033	0.5052084	0.05909152
Mir466d	-0.03666783	0.0745406215	0.01670508	-0.0813540211	0.1490923	0.0758085889	-0.04395606	0.0988829393	0.07892373	-0.0375739	0.125260378	0.1239681	-0.1289196	0.1998682	0.377096
Mir466g	-0.004341769	0.2941063044	0.09758029	-0.0896869592	0.2684439	0.0455462358	0.04965656	0.5721086869	0.1122007	0.003420785	0.334642137	0.1601447	-0.08659765	0.5864518	0.5262435
Mir669h	0.011318	-0.0141017354	-0.002584814	0.0126922723	-0.04729688	0.0130828293	0.2201874	-0.0368178477	0.02573731	-0.0275659	0.311865015	0.05151938	-0.00482976	-0.03125314	0.2256319
Mir511	-0.01985395	0.1548283183	0.02827584	-0.0181559113	-0.526603	0.1064271311	0.06130256	-0.1334044972	0.0440988	-0.05066713	-0.175926434	0.07492386	0.07931824	-0.6192106	0.2289443
ENSMUST00000177344	-0.004046454	0.0448662886	0.01336084	-0.0481154979	0.3336957	0.0031216468	-0.008100689	0.3247158949	0.03803571	-0.009958302	0.398307452	0.01485969	-0.05433977	0.1849624	0.1750005
Mir219a-2	0.06831576	0.4492855746	0.003633734	-0.092814327	0.4036033	0.028153565	0.07768134	0.3454105044	-0.01300425	0.07242504	0.41976758	0.04985966	-0.05846448	0.4242507	0.02809416
Mir3089	0.05352112	0.0118129893	0.05168148	0.0265251237	0.08393908	0.0142575943	0.1677992	-0.1951269428	0.02627621	0.006949642	-0.018190968	-0.01680258	0.05904649	0.16548	0.03447377
Mir181a-2	0.01886335	0.0007135225	0.03048076	0.056565368	0.1113581	0.0242800539	0.03298072	0.1027009328	0.0983242	0.06142294	0.086224385	0.1890717	0.01183813	0.05890616	0.2220025
Mir181b-2	0.0438214	0.1068665793	-0.02926749	0.1889378787	0.1293525	-0.0256882248	0.1018997	0.2303620446	0.04881929	0.0648848	0.189672821	0.09017893	0.09718119	0.2557676	0.1445695
Mir5129	0.0321554	-0.1785699746	0.03287696	0.0429702012	-0.1057313	-0.0678953704	0.07910431	0.1773976073	0.002101382	-0.03798838	0.108299732	-0.04712402	-0.06303963	-0.095725	-0.2370501
ENSMUST00000175457	-0.007598358	0.0008710491	0.01426811	0.0586697132	-0.0119211	0.0029208322	-0.03199836	-0.0062870721	0.08373597	-0.01113959	0.018474455	0.003743008	-0.02700164	-0.001382588	0.02140368
Gm25960	0.02176887	-1.0118683942	-0.004649159	0.0036173936	-0.7569261	0.0110044646	-0.02795982	-0.6126686438	-0.006111478	0.03328236	-0.582466159	-0.01619122	-0.01033396	-0.6501721	-0.08208341
ENSMUST00000175243	-0.003781612	-0.9248863951	-0.01164375	0.1231400093	-0.8133758	0.0382731398	-0.04535314	-0.8863032894	0.2621632	-0.02333806	-0.879774243	-0.06057195	0.01707384	-0.4539094	-0.09550574
Mir10b	-0.03682983	-1.0226362635	0.06723183	0.3308311757	-0.7908054	0.0427902283	-0.04829678	-1.0002584143	0.06629545	0.1142762	-1.000751225	0.3204516	0.1018912	-1.000437	0.2755906
Mir130a	-0.06303144	0.0863233366	-0.008399026	-0.0961161421	0.1368684	-0.0922365149	0.008089021	0.059533173	-0.04827091	-0.03089321	0.087464396	0.008656173	-0.005715178	0.1604326	0.1289436
Mir129-2	0.05138175	0.2695936451	-0.007771447	-0.020594306	0.3918845	-0.0480768119	0.03541169	0.2218969706	-0.08032006	0.007159646	0.371724523	-0.1027402	-0.02076232	0.2779302	-0.1152283
Mir670	-0.151181	0.0377448811	0.03307574	-0.103039539	-0.4856731	0.0315967733	-0.02669758	-0.1712324205	0.05115471	-0.1008917	-0.338618889	0.05582918	-0.1181268	-0.02932624	0.0115956
Gm22002	0.0801628	-0.6021487073	-0.0001908069	0.0206276702	-1.225666	-0.0417467294	0.02895728	-0.9567051167	0.0705052	0.06597781	-0.435555847	0.05644622	0.09387955	-0.5307928	-0.01425206
Mir674	-0.01824859	-0.0119854779	0.01019514	-0.0126905335	0.1143975	0.0075271687	-0.1049581	0.0951539272	-0.04771987	0.03230313	-0.029317005	-0.07493775	0.004221821	-0.05564866	-0.2704834
Gm22859	-0.04706765	-0.7771463291	-0.0241358	-0.1146326648	-0.4619204	-0.0016767108	-0.06371737	-0.543749257	0.04730847	-0.007464942	-0.801432692	0.01267508	0.03288094	-0.6399356	0.01453891
Mir103-2	0.09052811	0.0111978832	-0.02370519	0.0894848508	0.1389094	-0.0745811075	0.1298483	0.1258710706	-0.0446229	0.07341663	0.038717867	0.04281213	0.08657622	-0.005340707	-0.02515628
Mir499	0.0300528	0.0690295909	0.02612226	-0.0746611002	-0.1646714	-0.010331246	0.08313486	0.1705890481	-0.09519726	0.006189324	0.085835336	-0.1233817	-0.03492071	-0.4870442	-0.2226742
Gm23968	0.05925099	-0.6261767825	-0.03002945	-0.061393657	-0.3713752	0.0125101559	0.1035766	-0.7774331023	-0.03479279	0.003147288	-0.224591221	-0.01454396	0.01187763	-0.4662805	0.04824174
Gm22773	0.03181023	-0.4666464488	-0.002809118	-0.0504516627	-0.1847635	0.0122272305	-0.005594435	-0.5316601473	0.04498817	0.1339477	0.027273918	0.06561937	0.05816215	-0.2801946	0.07647594
Mir296	-0.1178499	0.1733085501	-0.05272703	-0.1162182951	-0.08710935	-0.03079267	-0.1438503	-0.0675443858	-0.02666056	-0.0193836	0.056746326	-0.0876451	-0.02081942	-0.02417851	-0.02530943
Mir298	-0.1547405	0.2800187043	-0.01300404	-0.245632148	0.1729143	0.0080310092	-0.03565586	-0.036574065	-0.00536651	-0.1363743	0.292649754	-0.05907266	-0.100381	0.1258497	-0.08129083
Mir1a-1	-0.04677153	0.231315551	-0.0409776	0.0636719609	0.3474821	0.0522428086	-0.2753119	0.5328884597	0.07014402	-0.001396834	0.023246492	-0.08510686	-0.01498942	0.1151578	-0.3021969
Mir124a-3	0.1312973	0.0255181117	-0.05906654	0.0086238407	0.05995196	-0.0541872902	0.1370672	0.2046724903	0.03004369	0.04766141	0.1476395	-0.1441057	-0.05060978	-0.04524554	-0.3166825
Mir124a-2	0.07989895	0.5314150766	-0.01534727	-0.1829604883	0.4168804	-0.0109195352	-0.0699751	0.4184981159	0.03533902	-0.1031965	0.230168065	-0.01776147	-0.0620328	0.5282159	0.1069242
Gm25442	-0.0201205	-0.4780572039	0.0172736	-0.0679024411	0.3478144	0.0314260978	-0.09967536	-0.6768217125	0.1018007	-0.01144149	-0.095136001	0.0757885	0.06048033	-0.07506932	0.1221922
Mir15b	0.07583424	0.25946594	-0.02157364	-0.055562117	0.2901178	0.0851380404	0.0581436	0.3237232393	-0.01021407	0.01131266	0.312522767	0.02865347	0.07836853	0.3323731	0.2290349
Mir16-2	0.02772094	0.1808545587	-0.02331101	-0.0769198209	-0.04845209	0.0094116916	0.2691556	0.262850758	-0.07772488	-0.0356894	0.140764258	-0.04202871	-0.01973052	0.3741658	0.09980593
Mir3093	-0.03904908	0.0319916052	0.04089517	-0.1651785395	-0.03788704	-0.0124228315	-0.08746304	-0.0348569915	-0.06629982	-0.09794197	-0.066243856	-0.05711549	-0.08142255	-0.1063966	-0.3621455
Gm25641	0.02637225	-0.3251631937	0.03466477	-0.0200498316	-0.6715185	0.0164751179	0.03469398	-0.6986442262	-0.04718772	-0.2526499	-0.768590956	-0.03635164	-0.1677188	-0.3223287	-0.1178512
ENSMUST00000102093	-0.03143517	-0.8179206517	-0.02867724	-0.1855746646	-0.7996049	0.0363244647	-0.1051527	-0.869057315	-0.06146	-0.1173514	-0.731021387	-0.1402369	-0.07007794	-0.6359968	-0.2291574
Mir92b	-0.08147193	0.2024479731	0.05367349	-0.0248335187	0.2924305	0.0218747576	-0.06695954	0.2461669653	0.03519386	-0.02741919	0.261945504	0.06978999	-0.05089208	0.1780448	0.1020803
Mir190b	-0.01405572	-0.2764151439	-0.02821631	-0.0588050428	-0.1262388	-0.1101894759	-0.03371012	-0.262489789	-0.05289957	0.07057713	-0.256480079	-0.02369527	0.04566059	-0.4316085	-0.08467109
Mir137	-0.003400946	-0.0745779968	-0.0535567	0.0565698718	-0.1363583	-0.0541438173	-0.02861796	-0.1380576462	-0.03157589	-0.02309927	-0.118207527	-0.02670213	0.05406781	-0.0503493	0.1008415
Mir760	0.1328072	0.4986358009	0.01556231	0.0056327448	0.4150786	-0.0902503494	0.1655837	0.4936920208	0.1018433	0.005738902	0.566055158	-0.08526076	0.03603295	0.4774634	-0.09354189
Mir3963	-0.0116993	-0.6412837238	-0.05818307	-0.1408819054	-0.7184649	0.0441672962	-0.08362106	-0.6549698219	-0.09650586	-0.0800083	-0.39341903	-0.2003724	-0.07409512	-0.4747522	-0.1716583
Mir186	0.0003213264	-0.064930885	0.002456375	0.1288850453	-0.01510746	-0.0078792691	-0.004465467	-0.1094569872	0.01509954	0.05437992	-0.125781125	0.02602827	0.0435552	-0.1509305	-0.05023281
Mir873a	-0.0307502	0.0902533052	0.0007199419	-0.0409530242	0.100222	-0.0049370853	-0.06696786	0.0456714285	-0.02256316	-0.02136076	0.126007778	-0.00744426	-6.230505e-06	0.0491932	-0.08919233
Mir32	-0.03319089	-0.072022937	-0.04833696	-0.1433499403	-0.1993378	0.0014477016	-0.01236798	-0.1923324173	-0.07477082	-0.01959999	-0.336502972	-0.002521341	0.07149292	-0.2599718	0.08203787
ENSMUST00000175145	-0.0142832	-0.3374110627	-0.01106639	0.0797037872	-0.2324966	0.0121162626	0.03787304	-0.4561595324	0.1199591	0.003369826	-0.862563864	-0.01810099	0.01323711	-0.1649761	-0.06568142
Mir3095	-0.005932453	-0.0754866913	0.006622888	0.066291582	-0.2283942	0.0569517341	0.1335531	0.1296253547	0.04118403	0.01429704	0.126840602	0.008713386	0.03419684	-0.2040631	0.05537614
Mir31	0.1231326	0.3050451366	-0.04985543	-0.0426404511	0.3549836	-0.0931334679	0.1745849	0.4445552241	-0.05659015	0.03919912	0.318785173	-0.06484098	0.09918234	0.4169047	-0.03214361
Mir872	-0.0392778	-0.1641773725	0.0358059	-0.0345761701	-0.1409309	-0.0031088792	-0.02656723	-0.1819517624	-0.005087065	-0.01898308	-0.171251795	0.05613297	0.01094763	-0.1408703	0.0002162949
Mir101a	-0.01665638	-0.7981658292	0.004420751	-0.0113257014	-0.8390457	0.0423891873	-0.02170428	-0.7434472552	0.07200433	-0.06174025	-0.935314219	0.08282554	0.02850436	-0.7515765	0.05823706
Mir1957a	-0.0003940853	-1.7385848119	-0.02141921	-0.2072940888	-1.103644	-0.0153209177	0.003845331	-1.0564105168	0.01775755	-0.09309462	-1.879376614	-0.006120966	-0.07190384	-1.131511	-0.0852439
Mir30c-1	-0.0501474	0.095232296	-0.04013568	0.0108150708	0.2689753	-0.083385766	-0.00967559	0.1410469437	-0.0611172	-0.02872067	0.252071142	0.1434956	0.00463237	0.1680438	0.0459935
Mir30e	-0.002787	-0.4008455168	-0.02961988	0.0932263441	-0.4371531	-0.0124117544	0.02543071	-0.4362017676	-0.009356939	0.01027628	-0.479152515	0.04095998	0.05699841	-0.4480481	0.03498396
ENSMUST00000104871	0.007594491	0.7609026747	-0.04564582	-0.1285518996	0.813955	-0.0165229002	-0.2719313	0.7114774583	-0.07925047	0.01561854	0.701497025	-0.03265062	0.02732363	0.498742	-0.1011139
Mir698	-0.005076798	0.0908734718	-0.01264114	0.0704686776	0.7194101	-0.0226439811	0.04773317	-0.1735858096	-0.008819913	0.01716564	0.863371613	-0.03206079	0.01978013	-0.1781933	-0.1349453
Gm23045	0.03596372	-1.1982973616	0.03252564	0.1483998839	-0.8399098	0.0192889558	-0.06928205	-0.8059090265	0.02244682	0.05890461	-1.262109848	0.02760335	0.08176848	-1.073284	0.06164721
Mir5122	-0.03571242	0.9071675123	0.0355631	-0.0841327367	0.6204785	-0.0088918008	-0.05089998	0.5875954356	0.02410858	0.07855324	0.793982236	0.007032627	0.08784056	0.7603188	-0.04000863
Mir700	0.01684792	0.239856614	0.06061079	-0.160162673	0.2772958	0.0021294177	0.003177747	0.1905080551	-0.05210853	-0.07273545	0.258107475	0.02922424	0.01565793	0.2286599	0.1147975
ENSMUST00000175544	0.02471441	-1.2781125244	0.03629831	0.0161884999	-0.7794953	0.150157998	-0.03384766	-0.8214516238	0.1557887	-0.0109241	-1.896226925	0.02202096	0.01049598	-0.6410505	0.05964224
Gm25732	-0.03805158	-0.6593648277	-0.03769648	0.0151610573	-0.6339494	0.0521504818	-0.08380663	-0.7511013104	0.06585315	-0.03890866	-0.59745114	-0.1197082	0.002281995	-0.4500508	-0.1710891
Gm24245	-0.01215492	-1.297345059	-0.03814209	0.0235722638	-1.129657	0.0802491952	-0.0739485	-1.1725788443	0.101591	-0.04286128	-1.192468475	-0.1040932	0.0001013477	-0.8038638	-0.1130531
Mir34a	0.1053829	0.2887291723	-0.03382143	-0.0095907352	0.2713079	0.0487428293	0.06079291	0.3699678368	-0.08087827	0.03303862	0.214748457	-0.06996876	0.04540129	0.1793605	-0.2339038
Mir429	-0.05714252	-0.7815631882	0.06500284	-0.1215097475	-0.3241415	0.0079998205	-0.0691944	0.223612315	-0.1350806	-0.05112922	-1.570903499	-0.03529091	-0.1027259	-0.164529	-0.1566149
Mir200a	-0.05294647	-0.8365964923	0.0364033	-0.0994986307	-0.3491837	-0.0531166967	-0.05723529	0.1203235838	-0.113096	-0.03992283	-1.678831119	-0.05639807	-0.08965738	-0.1161341	-0.2565034
Mir200b	-0.06848851	-0.9175652952	0.03863547	-0.117811847	-0.4107421	0.0234994057	-0.06810476	0.1966707367	-0.08868211	-0.05108841	-1.640077984	0.02588428	-0.1055081	-0.1795537	-0.1208366
Mir879	0.04502369	0.3944072954	-0.1130629	-0.0730116955	0.2297315	-0.0833601941	0.1853925	0.3323355079	-0.0618015	0.01427321	0.223302632	-0.1215269	0.1701942	0.3597774	0.08045377
ENSMUST00000174904	0.02471441	-1.2781125244	0.03629831	0.0161884999	-0.7794953	0.150157998	-0.03384766	-0.8214516238	0.1557887	-0.0109241	-1.896226925	0.02202096	0.01049598	-0.6410505	0.05964224
ENSMUST00000175596	-0.01829336	-1.5948534154	-0.02513958	0.0740222705	-1.251447	0.0947514983	-0.07257156	-1.3808899391	0.1522276	-0.048041	-1.751404647	-0.05132937	-0.004134293	-0.982442	-0.07644015
Mir671	0.08103391	0.353604632	0.003895826	0.0822329673	0.4291079	-0.005588942	0.01783484	0.4393653823	0.02292258	0.0789236	0.394995947	0.07544297	0.06620197	0.4326819	0.07279576
Mir218-1	-0.006943618	0.3127854724	-0.06350594	-0.1141399477	0.2337048	-0.002975235	-0.03973387	0.1832986419	-0.04335422	-0.07780187	0.180635583	-0.0598002	-0.03172367	0.1349141	-0.08936282
Mir574	-0.007287713	0.3305740779	0.008974304	-0.1448023552	0.2940083	-0.0591524607	-0.00191734	0.3300181943	-0.04211126	0.07477294	0.357479598	-0.0254849	-0.0471919	0.4244511	-0.0611308
Mir1961	-0.05245833	0.085558619	0.04720672	-0.1388275874	-0.9031415	0.1885980955	-0.07978731	-0.7721872513	0.08351078	-0.102478	-0.615157963	-0.01686975	-0.0233968	-0.2305714	-0.07637804
Mir701	0.0006963216	0.0557396332	0.009923756	0.0715783126	-0.3197195	0.0416285698	0.08850333	0.200632933	-0.0001524438	0.03649052	0.056726386	0.1359471	0.02403232	0.05229453	0.0932631
Gm23967	0.00056614	-0.2377766943	-0.01096523	0.1148753931	-0.2175197	-0.0183027538	-0.00217314	-0.7459688473	-0.094766	0.02217107	-0.989133301	-0.03514468	0.05234523	-0.440049	-0.08686118
Mir25	-0.01916762	0.1193827139	0.04758541	0.0122732796	0.1761583	0.0118455848	-0.004373625	0.1859612434	-0.004920319	0.008258067	0.120105046	0.08236081	-0.04495856	0.0312586	-0.07443173
Mir93	0.06437111	0.0067209364	0.01978903	-0.0489198033	-0.007899336	0.0050428877	0.1064465	-0.0223311175	-0.02723345	0.05038458	-0.065300902	0.07401507	0.03967235	-0.09598474	0.04604509
Mir106b	0.08934322	-0.1423345394	0.01609052	-0.0783988028	-0.0947534	-0.0190681942	0.03345343	-0.0706850664	-0.06484583	0.02688898	-0.186439313	0.01551292	-5.509229e-05	-0.08151727	0.03439065
Mir339	-0.0310291	0.1453107861	5.51732e-05	-0.093868798	0.04535134	-0.0740794506	0.0374411	0.1551411482	0.02081979	-0.0109646	0.143281427	0.01560337	0.04058126	0.2307223	0.03247624
ENSMUST00000175336	0.03902354	-0.4841063818	-0.04852628	0.2945569802	-0.4633149	-0.126194055	0.07413373	-0.5384038119	-0.03848103	0.03268614	-0.42712936	-0.1158258	-0.02549137	-0.3691151	-0.137727
Mir653	-0.142642	-0.4756568103	0.01321138	-0.2957647045	-0.3553447	-0.0044790231	0.1490308	-0.8038622337	-0.1117731	-0.02105108	-0.098136344	-0.1476737	-0.08119399	-0.5508779	-0.08471757
Mir592	-0.05662616	-0.3699166893	0.0235	0.0595459598	-0.3606126	0.0111284588	-0.07706367	-0.2753649825	0.04134798	-0.02606664	-0.244982926	0.1422807	0.01932616	-0.3234929	0.007242514
Gm26220	-0.001252334	0.510054332	0.01435212	-0.0456997113	0.8045374	0.0013059765	-0.03305685	0.3242518984	-0.006318515	-0.00294854	0.082665426	0.006504341	0.05805497	0.428395	0.02729454
Mir182	-0.04591845	-1.0311416923	0.04069989	-0.0845318945	-0.4285682	-0.0726300209	-0.05744958	0.0301907595	-0.06484583	-0.03441512	-1.722608826	-0.008044565	-0.1055429	-0.3686103	-0.2616133
Mir96	-0.04227363	-0.8349403531	-0.01722496	-0.0769382689	-0.3418152	-0.063497274	-0.04546574	0.131078264	-0.0963742	-0.04791824	-1.683387123	-0.08068889	-0.07876596	-0.1783304	-0.2496641
Mir183	-0.04748707	-0.704869295	0.02558204	-0.0934524952	-0.2173087	-0.0652588503	-0.04990644	0.2162008903	-0.0857783	-0.03862328	-1.398194663	-0.02032002	-0.07667361	-0.1239922	-0.3231254
Mir29a	-0.07114023	-0.1268684545	0.007702868	-0.043412746	-0.09929826	0.0500082881	-0.02966882	-0.1225660943	-0.04376064	0.003798356	-0.161318921	-0.03583571	0.02572073	-0.1847763	-0.05535122
Mir29b-1	0.005657506	0.2581548133	-0.03744039	0.0605132121	-0.1418877	0.1017049803	0.001098949	0.0971030269	0.02066572	0.09730932	-0.015686632	-0.2185907	0.01877055	0.07228003	0.04826513
Mir490	-0.05753912	0.0948280843	0.04509368	-0.057844875	0.1902186	-0.0080235335	-0.03063434	0.1870911003	0.001474737	0.0271291	0.170008512	0.1459725	-0.00707672	0.1250245	0.01627379
Mir148a	-0.03669313	-0.2904423949	0.02133884	0.1578161069	-0.2359381	-0.1023702346	0.08098537	-0.2873615838	0.02307322	-0.03057785	-0.174711525	0.08880866	0.1460252	-0.4164335	-0.2942927
ENSMUST00000175386	0.01795271	0.0993297334	-0.01785707	0.1038932821	-0.05364723	-0.046223046	-0.0398383	-0.2071421161	0.02502241	-0.1589275	-0.600138988	-0.02038531	0.03008681	0.2531135	-0.0611976
Gm25193	-0.05754846	-1.1732561393	0.06563992	-0.1405136382	-0.3384809	0.0675173855	0.04541432	-0.5227368238	0.06379401	-0.06130138	-0.315249742	0.0658099	-0.0558373	-0.3301833	0.0771959
Mir141	-0.03209619	-0.7545560333	0.03957366	-0.0707907647	-0.2494027	-0.0299171902	-0.04144273	0.1121442177	-0.07473118	-0.02771182	-1.50901331	-0.05469626	-0.05905115	-0.1614652	-0.2814858
Mir200c	-0.0302321	-0.5609997505	0.05773269	-0.0729412521	-0.119379	-0.0248934606	-0.0390874	0.2482696315	-0.04381524	-0.0231449	-1.203543947	-0.05771965	-0.05344354	-0.01759535	-0.1293534
ENSMUST00000175623	0.02471441	-1.2781125244	0.03629831	0.0161884999	-0.7794953	0.150157998	-0.03384766	-0.8214516238	0.1557887	-0.0109241	-1.896226925	0.02202096	0.01049598	-0.6410505	0.05964224
ENSMUST00000177075	-0.07722245	-0.7439676728	-0.0554164	-0.0056238958	-0.6320208	-0.0299444853	-0.01561507	-0.5494576799	-0.0977741	-0.03280474	-0.634736717	-0.115196	-0.05365859	-0.395977	-0.3124521
Mir3572	-0.02505753	-0.3366086751	-0.02882748	-0.0519329443	-0.7797543	0.0246756716	-0.2366601	-0.3858262601	-0.02726649	0.01718397	-0.275329879	-0.06472051	-0.01076974	-0.4296472	-0.03968452
ENSMUST00000175304	0.02471441	-1.2781125244	0.03629831	0.0161884999	-0.7794953	0.150157998	-0.03384766	-0.8214516238	0.1557887	-0.0109241	-1.896226925	0.02202096	0.01049598	-0.6410505	0.05964224
Mir3099	0.01375469	0.376137337	-0.04896726	-0.1926143546	0.2749094	-0.0530083305	-0.004693214	0.3006981639	-0.08638866	-0.1029708	0.328817424	-0.1052479	-0.06830481	0.3303528	-0.05062196
Mir5620	-0.06275676	0.3271260245	-0.002096034	0.1099926195	0.6312477	0.0184862774	-0.05390996	0.586422285	0.0193192	-9.10143e-05	0.675401479	-0.01563594	-0.004722637	0.6805219	0.09687725
Gm24715	-0.06187102	0.0435384035	0.01238442	-0.1247325084	0.2820467	0.0102885895	-0.05160156	0.7439725513	-0.03110278	-0.02673345	0.291945554	-0.007782975	-0.07887562	0.2773598	0.1172951
Mir330	-0.03718393	-0.2727339691	-0.01791148	0.0014724803	-0.2361408	-0.081089579	0.06852608	-0.2814010179	0.02945851	0.008519747	-0.220854681	0.03978963	0.05649064	-0.1292587	0.1356213
Mir1191	0.09014209	-0.2654032493	0.01294033	0.0214444472	-0.5557956	0.0578649848	-0.02545477	-0.4752299774	-0.02255243	0.09312686	-0.558374416	0.05579291	0.07045484	-0.3918337	-0.1580828
Mir1964	-0.0291213	0.2651403016	0.0333523	-0.1296430211	0.228955	-0.0033876949	0.01273444	0.5051471409	0.05877452	-0.07063923	0.239403997	-0.01236649	-0.0279193	0.2084232	0.1911234
Gm25247	-0.0326372	0.7300279843	0.01471046	-0.0109176836	0.5210673	0.0033274003	-0.05775073	0.3672612503	0.0052601	-0.1025927	0.878630468	0.02935202	-0.05428754	0.1987311	-0.001104958
Gm25956	0.07394381	0.6576394193	-0.01192057	0.4024776044	0.8124978	0.0003423289	0.2437695	0.1710862844	-0.03997937	0.1514229	0.784996157	-0.002937116	-0.014988	0.1054887	-0.1373626
Mir344d-1	-0.03719985	-0.1606652099	0.0369374	0.1164418946	-0.2301744	0.0117004421	-0.004928313	-0.2713481236	0.1151	0.05167275	-0.13224885	0.1518145	0.02074237	-0.4836841	-0.2274291
Gm22466	-0.03573669	2.0572385911	0.008233128	0.0521842189	-0.01603321	0.0059031609	0.0234185	-0.0303595124	-0.01207845	0.01187843	0.134509739	-0.01160118	0.003239964	0.7642074	0.02520749
ENSMUST00000175151	-0.03533774	0.5409071479	0.01060392	0.0730649365	0.6389135	0.0385431315	-0.01782889	0.6715753384	0.07450432	-0.01682757	0.53436412	-0.1394203	-0.04823769	0.5647655	-0.08653955
Mir344e	-0.1438445	0.3555379019	-0.008529793	-0.0065040867	0.162595	-0.0207702204	-0.1104352	-0.1230034805	0.03720202	0.05602008	0.369672161	-0.04440746	-0.05871673	-0.2015404	-0.1614938
Gm23873	-0.1556741	0.930391974	0.04641153	-0.099736925	0.556456	0.0138605369	-0.03014184	0.6173264835	0.03836891	-0.176306	0.852361126	0.03134986	-0.1203637	0.4475797	0.03703962
Mir344b	-0.0114473	-0.4404885125	0.01353046	0.0789025957	-0.408408	-0.0239380724	0.02281324	-0.4818471596	0.1640036	0.00591046	-0.4808118	0.06983236	-0.03445675	-0.6007163	-0.1437788
Mir344c	-0.08986507	-0.0573082938	0.005062298	-0.066344964	-0.08531781	-0.0368004687	-0.07237386	-0.0896830462	0.02608576	-0.08977087	-0.306018263	-0.05125506	-0.02732851	-0.1646201	-0.0553955
Mir344-2	0.01887947	0.2113547858	-0.02008573	-0.026592348	0.2228503	-0.0845202307	0.12809	0.2434614601	0.06663244	-0.02458621	0.271037276	-0.01826808	0.007495413	0.1818052	-0.1507137
Mir344i	0.05870887	-0.274074226	-0.01811217	0.1205644938	-0.02780481	-0.0518018443	0.04974964	0.0350756081	-0.02096374	0.03859317	-1.338145088	0.05852272	0.08154344	0.006566706	-0.1006593
Mir211	-0.1962173	-0.353709017	0.03268437	-0.1969774134	-0.2455902	0.0240502971	-0.2740662	-0.1477756545	0.2195606	-0.1228594	0.169757471	0.01540153	-0.2717681	-0.202684	0.1603627
Mir7-2	-0.0778001	0.3422113948	-0.02069322	-0.0427121423	0.1135516	-0.0454901658	-0.08027434	0.268782793	-0.01531128	-0.220236	0.156920514	-0.2359941	-0.1560191	0.2154203	-0.2719905
Mir9-3	0.09705927	-0.30222094	0.001833875	0.1485960523	-0.3104003	-0.0613676165	0.04011735	-0.220515827	-0.07916636	0.03574297	-0.468613029	-0.02344069	0.180407	-0.3806164	-0.1073178
Mir708	0.05665505	-0.3892221839	0.02093007	-0.0574724698	-0.3675533	-0.0368499976	0.01322007	-0.3247837516	-0.05075405	-0.005131158	-0.457943339	-0.04049898	0.02537237	-0.411084	-0.074352
Mir3102	0.09868392	0.2944409143	0.02152379	0.0545707013	0.4249041	-0.0547627558	0.01128611	0.2025803902	-0.02579607	0.03724966	0.286524845	-0.07882967	-0.01906904	0.170594	-0.2375296
Mir139	0.05899985	0.2082352213	-0.01620836	0.0757930056	0.1321352	-0.0500030569	0.06827851	0.1882880796	-0.06832382	0.01389871	0.217266447	0.004653952	0.03881298	0.1847232	-0.02265841
Gm22655	-0.05298928	-1.149369967	-0.05790478	-0.1322382097	-0.4994998	0.0901160584	-0.1055502	-0.5064136537	0.04654148	-0.03808021	-0.888958455	-0.08419142	-0.02894909	-0.8112322	-0.0346063
Mir3103	-0.1361893	0.3551515688	-0.02945014	-0.0912628724	0.1863068	-0.0884050187	-0.1847346	0.3254074096	-0.07578364	-0.193952	0.544512766	-0.03585412	-0.1243849	0.2858277	-0.05462014
ENSMUST00000175357	-0.0191207	-0.3951613003	-0.04476635	0.1721942849	-0.4677209	0.0119332533	-0.05287551	-0.3334608937	0.1007054	-0.01444944	-0.366341312	-0.09909219	0.05589012	-0.2026634	-0.06053171
Mir210	0.1261616	0.4724561558	0.02244985	-0.130552818	0.377867	0.0028527336	0.2012667	0.5074056551	0.08092112	0.1160894	0.456481616	0.1195924	0.02372782	0.6186053	0.2403214
Mir3104	-0.02761227	0.3681972996	-0.03911802	0.0584033803	0.2794203	-0.0244733267	-0.01964018	0.8228668907	-0.003415935	-0.009536039	0.499531179	0.01006423	-0.00965096	0.4064082	-0.1914719
ENSMUST00000175385	0.02471441	-1.2781125244	0.03629831	0.0161884999	-0.7794953	0.150157998	-0.03384766	-0.8214516238	0.1557887	-0.0109241	-1.896226925	0.02202096	0.01049598	-0.6410505	0.05964224
Mir3106	0.06631197	0.2024162793	-0.01802961	0.0922018382	-0.2171776	-0.0388805696	0.1835779	0.0885164499	-0.1852041	0.09656687	0.471349164	-0.2250695	0.1333071	0.2196386	-0.1004982
Mir486	-0.000955624	-0.3624889704	0.06518479	0.0631960239	-0.2797975	-0.074792309	0.006141232	-0.3225187593	0.06322129	0.05020659	-0.394456648	0.07069536	-0.008883399	-0.3994935	-0.04949187
Mir383	0.001434805	0.5206648002	0.01095325	-0.0361136488	0.488441	-0.1426054853	0.07949806	0.4470016014	0.1135049	0.05056579	0.538861439	0.05724726	0.01846819	0.5375665	0.06836779
ENSMUST00000175140	0.01239681	-0.0728741782	0.007159045	0.0278202499	-0.07547899	0.0183801136	0.186369	-0.0023625076	0.04634727	-0.03800413	-0.626338361	0.01301663	0.1347215	-0.1443921	0.06118248
ENSMUST00000174891	0.02471441	-1.2781125244	0.03629831	0.0161884999	-0.7794953	0.150157998	-0.03384766	-0.8214516238	0.1557887	-0.0109241	-1.896226925	0.02202096	0.01049598	-0.6410505	0.05964224
Mir1969	0.0757175	-0.5597990752	-0.09083845	0.2320854009	-0.839391	-0.0072413474	0.06548997	-0.8117066665	-0.0414717	-0.04889208	-0.754535381	-0.06507497	0.12447	-0.4324067	-0.1061726
Gm44453	-0.03414399	-0.13575706	0.01292641	0.2489943416	0.09006381	-0.0051644217	-0.02336301	-0.6703791529	0.08145695	0.08902953	-0.712872696	0.02948562	-0.03652942	-0.1997996	0.03703799
Mir181d	-0.04121277	0.321528283	-0.001920658	0.0466641541	0.3864153	-0.0473242585	0.04350945	0.3349630722	-0.04501538	0.01266062	0.421097333	0.1229929	0.06413616	0.3398211	0.06046616
Mir181c	-0.03028135	-0.4192786979	0.02139209	0.0368345899	-0.3210934	0.0577245992	-0.05148873	-0.3672156467	0.04192268	-0.004741273	-0.386679528	0.09388642	0.0006486665	-0.4521732	0.06311224
Mir27a	-0.02443671	-0.1394770783	-0.01891779	-0.1439253861	-0.1824311	0.0306140808	-0.03219827	-0.2488345313	-0.1040117	-0.005644765	-0.241020019	-0.06243304	0.005644776	-0.2022083	-0.00721761
Mir24-2	0.08260306	0.2842958186	-0.04830828	-0.0213373941	0.2327437	-0.010400339	0.08101296	0.3578253383	-0.0449074	0.03351332	0.142717897	-0.05756473	0.06231189	0.2391653	-0.04399122
ENSMUST00000175452	0.02471441	-1.2781125244	0.03629831	0.0161884999	-0.7794953	0.150157998	-0.03384766	-0.8214516238	0.1557887	-0.0109241	-1.896226925	0.02202096	0.01049598	-0.6410505	0.05964224
Mir328	0.02618736	0.220309554	-0.002237039	0.0124573312	0.1107409	-0.0404696046	0.01172512	0.2698998844	0.04486621	0.05103668	0.207900721	0.0007157136	0.002575539	0.3012877	-0.005813402
Mir1966	0.001346185	-0.3896440839	-0.0566011	0.1428489383	-0.3630088	-0.106681989	-0.03502307	-0.4333258644	-0.0487751	0.0582941	-0.152636442	-0.06432645	-0.03497723	-0.5356002	-0.2810311
Mir140	-0.04677807	-0.2778920588	-0.0002978083	0.0432050205	-0.2552009	-0.0743971175	0.07026475	-0.2230625622	0.08688808	0.02163983	-0.239328531	0.08756353	0.0386284	-0.2804574	-0.1006284
Gm23193	-0.01245908	0.0118613921	0.0005121081	0.0416453156	0.02387129	0.0138954329	-0.002396804	0.0346553864	0.08630368	-0.03223814	-0.133151802	0.02126639	-0.01766159	0.0346734	0.1085552
Gm44310	-0.004106519	-0.5492182205	-0.0007655709	0.0157264468	-0.6901382	-0.0011524438	0.001081369	-0.2466427166	-0.004764957	0.001962223	0.239721292	-0.007036116	0.002134695	-0.3365655	0.0157165
ENSMUST00000176068	-0.04248705	-0.5495270138	0.08407681	0.0747348119	-0.7402703	0.0727150796	-0.1174047	-0.7318754731	0.128327	0.04781726	-0.687830991	0.03303258	0.06487631	-0.7679267	0.08120725
ENSMUST00000175227	0.02471441	-1.2781125244	0.03629831	0.0161884999	-0.7794953	0.150157998	-0.03384766	-0.8214516238	0.1557887	-0.0109241	-1.896226925	0.02202096	0.01049598	-0.6410505	0.05964224
Mir199a-1	-0.01093603	-0.2159948338	0.03548916	0.0087026079	-0.1645064	0.0626557273	-0.03938056	-0.2591501644	0.1707488	-0.005779601	-0.269005547	0.0856473	0.03872643	-0.3257493	-0.01417037
Mir100	-0.002044785	-0.8601210148	-0.06639508	0.0247990564	-0.70304	0.0423950563	0.01414251	-0.7115128493	-0.02619	0.03689495	-0.780456744	-0.01876528	0.09330583	-0.5648863	-0.05573841
Mirlet7a-2	0.08454778	0.3691460638	-0.007492896	0.0254555497	0.2882557	0.0062516233	-0.01264709	0.6221624206	0.0180464	-0.05471605	0.476522112	-0.02253328	-0.09756451	0.4954401	0.04148832
Mir34c	-0.01735747	-0.0137598408	0.007014171	-0.2680490607	-0.3473442	-0.1072479893	0.05444347	-0.3663547654	0.1321446	0.1094296	-0.116678714	0.2078592	0.1046627	-0.2976051	-0.1514161
Mir34b	0.002254207	0.1645015656	0.0006938979	-0.2514801431	-0.1875018	-0.0828948948	0.0325437	-0.1763162329	0.1310004	0.1807521	0.170400712	0.2269625	0.08148032	-0.1945656	-0.1813483
ENSMUST00000175196	0.03829198	0.1856662157	-0.0009012469	-0.0191444198	0.2716386	-0.0065789416	-0.01936007	0.7562545038	-0.02062187	0.02720065	-0.0103748	-0.01332933	0.01340512	0.1632712	-0.01649306
Gm24270	-0.01215492	-1.297345059	-0.03814209	0.0235722638	-1.129657	0.0802491952	-0.0739485	-1.1725788443	0.101591	-0.04286128	-1.192468475	-0.1040932	0.0001013477	-0.8038638	-0.1130531
Mir184	-0.05621577	0.2844385467	-0.07052147	-0.0569381489	0.3391512	-0.1767764697	0.04964702	0.4637674752	0.03278013	0.08765873	0.371431383	-0.02642492	0.03045358	0.4338218	-0.1486873
Mir135a-1	-0.0596931	-0.371156379	-0.05107413	-0.0062956816	-0.4173844	0.0656416866	-0.05715318	-0.470083242	-0.1278217	-0.0155442	-0.3699486	-0.08999392	0.08305963	-0.3356991	0.03169751
Gm24083	0.04301627	0.4270482191	0.002258683	0.1008411204	0.5038092	-0.0115253474	0.1042554	0.4254831936	-0.008538593	0.08503611	0.503319399	0.06207415	0.08439741	0.3858006	-0.02449492
Mir128-2	-0.06919444	-0.0382394891	-0.01969459	0.0071454143	0.03017398	0.0397034823	-0.1276688	0.0077289948	-0.06473682	-0.02377181	-0.023823788	-0.1035642	-0.04917376	-0.1521724	-0.2187838
Mir26a-1	-0.003332735	-0.186405752	-0.04508828	0.160262187	-0.5332292	-0.0289848916	0.05686989	-0.226523903	-0.04144116	0.07288521	-0.424175253	-0.005483537	0.0983274	-0.04764502	0.013089
Mir138-1	0.07697086	0.2242676822	-0.02351721	0.0295473377	0.268022	-0.0729349861	0.120399	0.2829792606	-0.007465072	0.01366266	0.121943505	-0.09950738	0.04213681	0.2318353	-0.08571331
Mir500	0.1256229	0.3413703422	-0.001635435	-0.0169411469	0.2339085	-0.0493366653	0.08787917	0.3394152303	-0.06344478	-0.01638738	0.303455557	0.004999011	-0.07435197	0.2515975	-0.02884662
Mir501	0.0281257	-0.7305891815	-0.07395365	-0.0100561717	-0.4864759	-0.0674519766	0.03352813	-0.6215218557	-0.04746706	0.003022983	-0.634662862	-0.04522866	0.06204571	-0.5118872	-0.1235435
Mir362	0.05100977	-0.1475052802	-0.0628212	-0.0696739992	-0.01059875	-0.0474718938	0.1074682	-0.1002539888	-0.1350079	-0.01025139	-0.175941914	-0.01943183	-0.01145158	-0.08421061	-0.01469216
Mir1198	0.01847356	0.0451600114	-0.006490988	-0.012871129	0.09830952	-0.0220150409	0.1176903	-0.0189252881	-0.05225958	0.01182308	0.080226029	-0.004554143	0.06896874	0.1632039	-0.02302486
Mir221	0.1453938	-0.0582295937	-0.02810724	0.0988629885	-0.04284214	-0.0410294026	0.1151747	0.0447746321	-0.0241425	0.02719624	-0.076038481	-0.1425289	0.04045881	-0.1748247	-0.3651304
Mir222	0.05223142	0.1326167738	0.009641578	0.1328709382	0.2006134	-0.0611749926	0.06545235	0.2240252165	0.02693378	-0.01255104	0.139604919	-0.03663991	0.03192373	-0.01961449	-0.2937938
Mir717	-0.009162703	-0.7273079976	0.008090924	-0.2242575343	-0.376285	0.1362838933	-0.1632606	-0.7668474271	0.01626772	-0.1281708	-0.711505099	-0.03905329	0.004542741	-0.3993147	-0.135107
Mir92-2	-0.04720301	0.4475715203	0.07489957	0.0207417251	0.5256234	0.0484167818	0.008220858	0.4496488792	0.1163506	0.03118613	0.584722726	0.229482	0.01083337	0.4920457	0.2302333
Mir19b-2	0.01857009	-0.6782162788	-0.03734967	0.0383534779	-0.8114417	0.0301149595	0.1418304	-0.6386702881	-0.04041773	0.0578835	-0.741226071	-0.01411182	0.03207537	-0.4079709	0.2329007
Mir20b	0.04973241	0.634675641	-0.01220349	0.1328263427	0.5136658	-0.0084875879	-0.03054992	0.1515773708	0.03948682	-0.005877417	0.811360211	0.06381926	0.07086625	0.3038318	-0.003491089
Mir450b	-0.1235274	-0.6857154098	-0.01264221	0.0851254095	-0.691625	0.1014231271	-0.09616053	-0.7108819599	0.07414818	-0.006347632	-0.916635891	0.01357536	0.06549432	-0.6206608	0.1976071
Mir450-2	-0.06028208	-0.3976336263	0.01846325	0.0270513685	-0.3070434	-0.084231143	-0.01209565	-0.3807773576	-0.02488012	-0.04164648	-0.4254599	-0.05361099	0.1176951	-0.449053	-0.02987844
Mir351	-0.01634508	-0.0105765721	-0.04559927	0.1429656446	-0.04182516	-0.0775466107	0.06416249	0.04731091	0.08417256	0.02895911	0.109699057	0.03849732	0.08613853	0.1524381	0.07047205
Mir322	-0.007028255	-0.0947268522	-0.01033252	0.0734567044	-0.0733149	-0.0260457237	0.04354968	-0.0108877541	-0.01742194	0.004631939	-0.113067185	-0.01293565	0.1002354	-0.04763166	0.08309833
Mir505	0.0410837	0.3251296087	0.03483366	-0.0502638612	0.1757975	0.0588082109	-0.02713763	0.5307653013	0.07962646	-0.01598531	0.329923893	-0.1563263	-0.1159216	0.3578838	0.09126825
Mir743b	-0.008970118	-0.5054580326	-0.00683498	-0.1510828563	-0.7679949	-0.0570507255	-0.07395763	-0.6366807932	0.009720162	-0.1924658	-0.70189356	0.02309065	-0.1447411	-0.2844815	0.1358519
Mir224	-0.1176869	-0.5855634174	0.01469294	-0.1958239317	-0.02929089	0.0420983377	-0.03463668	-0.286560625	0.003287081	-0.1150739	-1.462684176	0.1444753	-0.1726002	-0.03781978	0.1115825
ENSMUST00000175131	-0.0142832	-0.3374110627	-0.01106639	0.0797037872	-0.2324966	0.0121162626	0.03787304	-0.4561595324	0.1199591	0.003369826	-0.862563864	-0.01810099	0.01323711	-0.1649761	-0.06568142
Mir5132	0.1345848	-0.3695087211	0.01931732	0.1115301921	0.2008196	0.0129371986	0.004336683	0.5893413969	0.01087239	-0.0007362329	-0.161806333	0.01789732	0.04952467	0.1612899	0.1201925
Mir223	-0.07919136	0.117894962	0.06375948	0.2052971619	-0.06058345	0.1922143807	-0.04231091	-0.0717360309	0.08288235	0.08515881	0.079527051	0.0185592	0.09237151	-0.1670993	0.02148135
Mir676	0.002449449	0.3781746976	-0.01341312	-0.0564354121	0.2960592	-0.1050435617	0.01246787	0.5317301771	0.009044798	-0.05024717	0.469214526	-0.01820178	-0.01054824	0.5515719	-0.00813204
Gm26318	-0.06147936	-0.4837596967	-0.04318802	-0.0101023756	-0.3172628	-0.1094532725	-0.1472533	-0.4575239953	-0.07406853	-0.04748476	-0.531092289	-0.06516742	-0.00158606	-0.7397572	-0.08636774
Mir421	-0.04690959	-0.1300139221	0.007216131	0.0169783715	-0.00927449	-0.0400862886	0.03076537	-0.1125853925	0.01213588	-0.02998369	-0.043879491	0.06467894	0.0281503	-0.04403083	0.117817
Mir374b	-0.0767339	-0.3449722559	0.03991192	-0.050515281	-0.2729309	-0.0253449797	-0.0605536	-0.3930670219	-0.01859329	-0.03767493	-0.231708129	0.06065099	0.0189297	-0.3559556	0.03206134
Mir672	0.08100326	0.2399058872	-0.01174856	0.0196257711	0.2763483	0.0127374597	0.02925395	0.2908080662	-0.01228969	-0.005482542	0.345823009	-0.08072226	-0.005652888	0.3000716	0.02652125
Mir361	-0.02960127	-0.1782287878	-0.01006037	0.0796074801	-0.1694094	0.019452326	-0.009179694	-0.1286298758	0.0002679597	-2.038733e-05	-0.165633965	-0.004299908	-0.004688035	-0.08330595	0.05974094
Mir652	0.05634807	0.0884786173	0.003132488	-0.111482328	0.1592094	-0.0264127408	0.05510109	0.0932534897	-0.02557554	0.01004196	0.120046778	-0.06136276	0.005535193	0.1352719	-0.01926737
Gm22650	-0.1123623	0.0050594136	-0.02148303	-0.337867238	-0.3722789	-0.0976088302	0.02782629	-0.2622622585	0.03692398	-0.1772817	-0.009415311	-0.1077667	-0.08929343	-0.08319902	-0.2161331
Mir764	-0.04503114	0.5082994811	-0.03371234	-0.1574367461	0.3700371	-0.1109248133	0.04278628	0.3183745156	0.002117018	-0.07773457	0.435574082	-0.09537817	-0.04367489	0.3111624	-0.2814251
Mir1912	-0.0428626	0.0697968383	-0.003727622	-0.1568981306	-0.3814061	-0.0494966136	0.03115618	-0.5482757438	0.04310495	0.126158	0.109828899	0.06708734	0.1060974	-0.4033352	-0.2978471
Mir1264	-0.1421342	0.3862769613	0.003384454	-0.1250570972	0.09038108	-0.0737205465	-0.007295895	0.1202561869	0.05303525	-0.0430997	0.234369908	0.04551405	0.003832563	0.2561213	-0.3427515
Mir1298	-0.07203171	-0.2814226251	-0.000928995	-0.0238152304	-0.7965593	-0.0475115804	0.1616224	-0.8091727925	0.08463543	0.1472047	-0.36711137	0.1024421	0.1722491	-0.734372	-0.3895769
Mir448	-0.04602664	-0.274177428	0.006280615	-0.0939527186	-0.6552077	-0.044220291	0.09576655	-0.7596044322	0.0885248	0.116166	-0.424119768	0.1309587	0.1811414	-0.5947987	-0.5304065
Mirlet7f-2	0.04316859	0.0765455205	-0.005490996	0.0216252476	0.1384599	0.0780348351	-0.06233969	0.1452007136	0.052119	-0.02794444	0.09933739	0.03670435	-0.04976576	0.06020557	0.0721744
Mir98	0.1328275	0.1538999041	-0.04206202	-0.0101118057	0.2601519	0.0136569426	0.01359686	0.2161497064	-0.008361421	-0.00638783	0.171138063	0.006151526	0.005100743	0.1268796	0.01540696
